81	labeled
mixte	0.0
mixtes	0.4153623014425464	0.0
dure	0.3139188485243649	0.26053646721868295	0.0
convient	0.16856810997789484	0.2090248147687983	0.07916682763714222	0.0
matifie	0.2342718244429044	0.24088820820966295	0.03740458521715939	0.04487047292124802	0.0
naturelle	0.2998853801752378	0.30953128628104865	0.1253214488621366	0.10801222822727019	0.10405431034536095	0.0
sèche	0.045254503178361216	0.40238202539488177	0.3172961132538502	0.17097678228456048	0.2399392472773797	0.2837339536097584	0.0
cher	0.31081560236167216	0.23278821130435334	0.03311803395337576	0.06850295818154228	0.02565575097651185	0.12336338334883168	0.31160217484534203	0.0
chère	0.31761159980351883	0.2565539294363772	0.08570577278448377	0.10511347302767948	0.0741803479495341	0.15315891400671156	0.29515350950273356	0.05437182425455023	0.0
temps	0.2604004801801284	0.2630413537643934	0.07139058043954905	0.08059566747162583	0.052596157296076806	0.1404556695340753	0.2564419677262385	0.052010090538861964	0.09460699215860502	0.0
pot	0.32534844492770576	0.23578523640793914	0.03640989730428068	0.07748503934161022	0.0300049911339223	0.12591368025107064	0.32617898739941054	0.011911625477374566	0.05374720128897881	0.06324136642021116	0.0
efficacité	0.30691209347915693	0.24782063977310897	0.039117364100966445	0.07268365790422615	0.02586072137219242	0.12179723605067827	0.3066938413100946	0.018187024473362512	0.07202861341932765	0.062127041737677136	0.02146682211323736	0.0
utilisation	0.2062724574411754	0.30554168872916976	0.1461922436209564	0.10979494859239247	0.12075694242654655	0.1837309138961457	0.20467824853293592	0.138406657905078	0.14515204083647615	0.1444093647824518	0.14861269083530793	0.1504264725841472	0.0
sent	0.272140405886505	0.2635452363717483	0.07511139342473927	0.08796698821500448	0.05015636178302518	0.13849316530669287	0.26712842601374376	0.05433711953728171	0.08467207554379963	0.08486827172279032	0.060797905761874715	0.05544948196818367	0.14165743954726484	0.0
grasse	0.13810069610088016	0.24583524610073015	0.07355629392674046	0.03229102380638171	0.0312987722820639	0.11380189203497282	0.13986621067064742	0.06108052327985014	0.09568973443314654	0.07026861184425626	0.06616299149546279	0.05855457015421939	0.09937204507166242	0.06330481745399874	0.0
briller	0.2309076704207047	0.23684356513241145	0.10814196218550776	0.0834219934028535	0.07154901065920583	0.16463525321329486	0.232438290651508	0.09767317695857913	0.13268516039840517	0.10583280030848696	0.10478115749773831	0.09796146758756807	0.1632376977013098	0.11599678865395358	0.07293933062032543	0.0
rapport	0.40015369671356915	0.3112950392586069	0.11675420251434088	0.15904417188894182	0.11095303516644717	0.20699483772751182	0.39590382667164803	0.09508789109238114	0.12451363696342299	0.14419005170722243	0.10261769266443055	0.10322006496854341	0.22531404322171378	0.12253458882967327	0.16092154444624518	0.19239272838533394	0.0
douce	0.07968093905866391	0.3535812480525049	0.2101900915450584	0.11798271208257372	0.14842179559662572	0.19987546803705847	0.0828393780098925	0.19995229755763333	0.2038774905296893	0.18178418144233022	0.2070016182312946	0.1942027696052726	0.14603013676529186	0.1665728751083546	0.06896192759267794	0.16457560616630407	0.2966675916841127	0.0
satisfaite	0.31005963918240154	0.27580341654613805	0.09804280122537956	0.10814029388790536	0.08182165639853822	0.16274064927187593	0.3002091395524561	0.07111583172434899	0.09696654581508946	0.09342438041838985	0.08238543742961169	0.08947514816978508	0.1420622435866985	0.11212115811109846	0.10506150622101318	0.13788815503233331	0.16300701311378762	0.21978529644413003	0.0
protection	0.3256805682457423	0.2541448834816311	0.04923142966121108	0.08969227480762887	0.043611504961188374	0.1329434124207447	0.32362539370487653	0.035237109899199925	0.07556609534083425	0.07794314357808341	0.0348142480102438	0.040416564628658946	0.1608305686587045	0.07261640532982194	0.07826543952863863	0.11463737562280008	0.1222409445013114	0.21578394660570488	0.10131198462263602	0.0
prix	0.3193556718564907	0.23515421554291416	0.03053153347999993	0.07008432569215706	0.022893171327788786	0.11766565151062391	0.31814697513434376	0.008135664023958933	0.05161045089787364	0.05871807087916536	0.011609240738375104	0.015189009397451159	0.14213918621167798	0.04946890408609994	0.061453019458292846	0.09939714930733412	0.08434189903270728	0.20481961281175465	0.07833061704730937	0.032120000456305475	0.0
teintée	0.3649147157310495	0.2851011241224346	0.14641850137600065	0.1490760946271511	0.13542825976925366	0.1981728432705845	0.32732223033011865	0.12406344992373497	0.0818208669798276	0.14357525313202957	0.12569586067468186	0.14175339937213438	0.19457561228435283	0.15704517138144936	0.15938128408844698	0.1950084817894704	0.20709571824139317	0.27436380269327576	0.15212073478231003	0.12702416844314912	0.12135777753419219	0.0
hydratante	0.2776242934199631	0.23167924984979027	0.06726841871456579	0.07073329314608034	0.05177579069196214	0.13235791095377125	0.25734144263551373	0.05194282973887321	0.04917363737226421	0.0752712142413291	0.055499215804125646	0.06248261542078304	0.13694239825877663	0.08640970651386493	0.07220167000188615	0.11313244913693155	0.13794828109166446	0.19280994436736754	0.08879189688602385	0.06220495711147034	0.04935625603308502	0.048243802163547844	0.0
ridules	0.32452426774699794	0.2940364032129844	0.10592217319463437	0.12346251542993714	0.0900543877868808	0.1701135796731087	0.3289409805892025	0.09023033057115615	0.13001552647152514	0.12466053133197064	0.08874969669328492	0.08698992260342298	0.1850322017019832	0.12444913854365125	0.11401701186647739	0.15160213944729384	0.170022043234744	0.22631861746320026	0.14557678747564762	0.0976847832562795	0.08703238063882723	0.1959161295887455	0.12385341310999576	0.0
couleur	0.24293165573448583	0.23964712257738563	0.05990037809716675	0.057717918807527746	0.03659841745611969	0.09273795962221953	0.24512889778713154	0.0395399277409797	0.06574889888717916	0.06585728471508845	0.04049296059470031	0.04639380402223514	0.12089274226145974	0.06594370873722721	0.04668946114687078	0.09491871993247003	0.1394264326213983	0.14822998039696522	0.09835082420283425	0.056964866476534315	0.038521593233393436	0.11819682295052625	0.060019469164221295	0.10362669570873695	0.0
parfait	0.23720625407171403	0.22464583401852067	0.07235082884086719	0.05737918636182904	0.04648343951026357	0.10710593554985703	0.23167329082277544	0.046586076186416525	0.06692383762018128	0.07141731716690758	0.04912342161901184	0.05654654084489186	0.11421920050065826	0.0743987599267999	0.050025390122041324	0.092635495026123	0.1476019439463503	0.13665406228808707	0.08694823146369257	0.06786413963190685	0.04981925385944452	0.12395110825449063	0.0658559025039791	0.10567214433528493	0.04557026771092387	0.0
bouchon	0.38771247255257824	0.29068898044103975	0.0728218151965313	0.13257590017021248	0.08410779408845237	0.1734348792479018	0.3936424368683501	0.06925510600793094	0.13397000183103014	0.12128554876770792	0.06882487746746757	0.07647450011317636	0.21084357878627313	0.11612571871134458	0.1295778078528147	0.1621025735782804	0.15749677113317107	0.2794873375293224	0.14804665655267724	0.09000713780856884	0.06679884183697515	0.1944014599911561	0.12245258517704216	0.14993408846139167	0.10106976024502734	0.12089813204592903	0.0
teinte	0.2905546929260472	0.25740633829060156	0.10052798045855005	0.09199566980620011	0.08371418574561773	0.10222856189364793	0.2909546405539507	0.07696935873490485	0.10161487379302159	0.10337176859678754	0.07822349853454413	0.08998153284918675	0.1613626606587063	0.11246906208480267	0.09521139916278298	0.14166207950344678	0.17238443638394818	0.19703857142973524	0.11722452683726514	0.10061236593719491	0.07907032972134143	0.1567149220813847	0.1008792715240584	0.1337721557719208	0.04739548641151514	0.07494929740725609	0.13109457286139048	0.0
pratique	0.2990224997985038	0.2439996012957516	0.03769448427984479	0.07260032581093623	0.03524372435741452	0.12237001935746039	0.29314267863154064	0.02461585739070249	0.0625291043314895	0.064465545554382	0.0230529046783281	0.03357885365983382	0.13943741787548947	0.06418697104609228	0.06277616020186938	0.10596627626589539	0.10843874849712598	0.1872430093878693	0.08646691222651004	0.04362150358033445	0.023497264113074845	0.1245102345020207	0.05407641495051696	0.09993891624015094	0.047881388818976967	0.053257887384887126	0.07903609547821178	0.08835994566455807	0.0
jours	0.2324688289893414	0.24909536324212445	0.06987089363806365	0.06547875283937876	0.047149089529847865	0.12571683061488492	0.2301642241783851	0.05547873197237663	0.07817199760798843	0.07094181885825779	0.05782121801564	0.06333586216674592	0.11800051166507886	0.08176859131726244	0.055012187095123344	0.10455220217597039	0.1505382899207207	0.156023613325191	0.09330057666320657	0.07384396460619758	0.055745693746411695	0.12757188821752663	0.06051056502216379	0.11309520010479213	0.05714471556972456	0.0540301339617143	0.12137027418371349	0.08577855423187242	0.060660606378698856	0.0
lisse	0.11228978501179765	0.29616170834513544	0.1200100348989751	0.06360649199366208	0.06750508484689888	0.12465757191432769	0.11913967327859498	0.11026190772766431	0.13355993937098654	0.10812852240353965	0.11579867451394021	0.10325196956955007	0.10568980413421414	0.10209560272883489	0.03042113882827968	0.11540438054544955	0.20869351680824944	0.05317177821226604	0.14775716076274548	0.12467623069155631	0.11028745582081667	0.1927907640931077	0.11021644605835867	0.14341588933719585	0.07738541435677215	0.0770843493326796	0.18274874559174992	0.12541540005018226	0.10728200562211687	0.08835754653310512	0.0
brillance	0.29479697710187147	0.2258723244910814	0.06273662812909242	0.06819254177983791	0.04711670737605811	0.14005520933893334	0.2958013442875802	0.04629816279929688	0.09159185798353353	0.08002650064153927	0.04470948112310913	0.050371492249472904	0.1621796733575589	0.08497185902165583	0.06628940354325197	0.10397207971125766	0.14077332900257322	0.2031161857232059	0.11143176600463134	0.06689280680681176	0.045945466595160966	0.1457473445893862	0.07629462050627489	0.09700795526891626	0.060794723293496555	0.06054167344470862	0.10403094649117384	0.09833857812057323	0.058351815465918166	0.07271939687093221	0.12001901618359256	0.0
couvrant	0.3352611003599032	0.26649134066661584	0.09019777624604586	0.11934937700937676	0.07685216756525626	0.15309919868111244	0.32830836490250515	0.06029819890403709	0.08092707305837676	0.0885592800950552	0.06167484868908013	0.07382445877057064	0.15757363381101697	0.09766864569328504	0.0999354924878253	0.14192173909384376	0.15324320915679435	0.20794749003113422	0.11288151328772456	0.08316807628846712	0.06352876212693315	0.12494913678410613	0.08929145827332052	0.13183643441889037	0.06234094073150109	0.05848637630954712	0.13196292009325816	0.10216762200893881	0.07381797820574165	0.09457122143410257	0.13502944318028443	0.09158596672016339	0.0
couvrance	0.3061972624537804	0.2276793816931585	0.057116266805020466	0.0780930381875522	0.04723590937775557	0.0958583204559087	0.2982356121621662	0.03751670404719876	0.07309521495955007	0.0668647934044656	0.04075875607368473	0.04416744440732112	0.14407802595112695	0.0743912764916268	0.0732562757791212	0.10598820475454562	0.1296574724272439	0.19331523598912492	0.09387402097824737	0.055762711988667335	0.038109955710275534	0.12377793482472998	0.0677460879295253	0.10481589336133901	0.041233875254758634	0.04517786146155767	0.10473537084339946	0.07654629132224	0.04953772852279148	0.06858262919148339	0.10924482694694082	0.06608076628009696	0.05571510877151953	0.0
sensible	0.031202402744757385	0.4213930664975567	0.31303080597710586	0.1648787936098527	0.23281621812991948	0.29659339203188984	0.0597150036625862	0.3033247432617664	0.31054112785600707	0.2546736470011257	0.3165770991776765	0.30313114062308777	0.19989077946330147	0.26771327857580485	0.1362054160132038	0.24146599086450216	0.3951363750996053	0.08239664935720636	0.2953068310033743	0.32397096382498725	0.3125824117307192	0.36432686548179927	0.27765582892484797	0.3174244923191777	0.24325230028236533	0.22899376652494208	0.38391172966881604	0.2807367165573449	0.29398827795589366	0.2270537726885079	0.1150552536142243	0.28529383965849753	0.32388501062582775	0.3039183416432678	0.0
qualité	0.3599607573638588	0.2960970675193677	0.11011258095842547	0.13538845868175942	0.09693334863771219	0.19226620235412462	0.3551673655431494	0.0816697501727709	0.12017835596314186	0.1291132999691259	0.09408970172901121	0.08861944243370912	0.19980599005413824	0.10698939460981793	0.13768235045916632	0.17109203192935885	0.11294519780559098	0.25912589806984654	0.1463601268571002	0.11518378307630905	0.07486709832202343	0.19921542232204126	0.12900260376275186	0.16926523036908214	0.12166026642282968	0.12726534010061974	0.1538829425191054	0.15867202664982705	0.09966226700221203	0.12972704246101063	0.1802032309051762	0.13056675978768062	0.14108330443804828	0.11759791722120716	0.35214921665024	0.0
boutons	0.25505050015104513	0.29351105504434494	0.13710895468909323	0.12316537913715375	0.11285254812969747	0.19456046386967463	0.2701925855784467	0.11917074315941711	0.15536732023253963	0.11543592966640348	0.12821194400790814	0.12780418364804302	0.15693512857844438	0.15009109914302077	0.11221928491618594	0.14644156973333577	0.21566298323981703	0.20820711992761431	0.16069623886278694	0.14479700593387712	0.12530861164801887	0.19736002538528974	0.14130662702983432	0.16493563110107323	0.11468248737375297	0.12163370743078827	0.18400005856219181	0.14247283438996083	0.13398474980941566	0.10949715043286401	0.1467308548108518	0.1290665179845052	0.14201791524965313	0.13036756186615983	0.25717741146105677	0.200840147257498	0.0
pique	0.2791480684888722	0.3822982425850868	0.21859714383875928	0.18361313996657402	0.17946144147662157	0.2622674631118673	0.2789023351915896	0.1990054937705369	0.2389267235188791	0.1933201556422941	0.20757586168794362	0.20198016187801404	0.25578960778462245	0.21088162336459104	0.17129090001491754	0.22951944134256008	0.2872637469524777	0.23424648662206116	0.23501470557955662	0.2230245696833012	0.20280987494508063	0.3074520401895606	0.2213877690165622	0.23945453555051843	0.19951766854067066	0.20058641116152764	0.25943433782006875	0.2433759185046609	0.20605528765989534	0.2019586310690411	0.18781893903605562	0.2166604346686607	0.24055931826394072	0.22112271326982702	0.28251751583549767	0.2667773348916208	0.2603404778990065	0.0
hydratée	0.13282273988388127	0.37363602772580884	0.25016754256728735	0.16972304256635584	0.19419514685930794	0.2415637931933723	0.13583395328568493	0.22478669591851097	0.19906605530866028	0.21275657997791686	0.22373816548924985	0.23138448574799686	0.16729227531303537	0.20632798090391102	0.11963297891248614	0.2134312434970017	0.32926455035682667	0.07245642191466406	0.23899191472313908	0.24461223885962124	0.23132194741387746	0.27594673820593163	0.21736305960529922	0.23757781287701185	0.17168271802930202	0.15309651585413275	0.31703049488913637	0.2067910277234406	0.21652800987330045	0.1809388412584596	0.09574290169691824	0.23209548583716721	0.20838974981503233	0.2168245144467934	0.1308605640008218	0.28830872654010486	0.24526084322978048	0.26443835730655896	0.0
hydratant	0.26916514861346175	0.22328094350059424	0.040949764471692185	0.05339229709753279	0.025422895717191363	0.11494377629486674	0.27120319236730395	0.019184459080998195	0.06461257489610306	0.05474705875000674	0.024369876591096906	0.02436937957750296	0.12798506429159306	0.053672590430277056	0.04469091061247121	0.09103969381420285	0.11598743952830781	0.16886452450199452	0.07990252864959346	0.0401355286002375	0.018877809541140156	0.11901468983103436	0.047978429396483446	0.08628626436808762	0.03715169526332285	0.03975979043979705	0.079307360191187	0.08059580778362974	0.032201113728953956	0.05210829349477086	0.08885032587786068	0.04009671066694542	0.06394155924784517	0.038345264812544966	0.26599032945215684	0.09672756609124222	0.11573886331040051	0.1938316891953752	0.20323864561481986	0.0
résultat	0.190256953107652	0.32727362928143156	0.1824489332585364	0.13221304129847355	0.14069122357321928	0.20147205677403002	0.18202119477816836	0.156635588541025	0.1414705533438667	0.15142499690447253	0.15874981521203768	0.1681699935272417	0.14970045676529842	0.16336553874060855	0.10227704005999616	0.149099065680248	0.23978905271605222	0.1151155029788904	0.16847893910855294	0.1817135324428012	0.16398409915861434	0.2205392464821191	0.16552506329088768	0.19253707233604023	0.12489807602590663	0.1035539939321738	0.24808884465015624	0.15927114863486258	0.15456009516556635	0.1348426091296805	0.11087374870245081	0.16114982431010094	0.14186747101110986	0.15479702561024178	0.18246786751068533	0.2019733500194676	0.18883007621427106	0.24337452788654257	0.10890055416183109	0.14660635992254356	0.0
efficace	0.23489201290501815	0.2531317730973911	0.07048832136915528	0.07074491281542605	0.04605957933454852	0.12733869356009087	0.23300330528074797	0.04149106862266194	0.05792303848890157	0.07104789716005455	0.04378381007946697	0.04212076523197772	0.11480524011793969	0.060371927595262775	0.04765755376224945	0.10922826884032155	0.12399454306276236	0.13363739322046042	0.09071234698159858	0.060414235226456836	0.04235913083694709	0.13310234192872983	0.06841111698457847	0.09919718681949852	0.04118185954142772	0.04533711995196066	0.11626106017140836	0.08031907302209373	0.05142480356199475	0.06354032735006987	0.0782690276893474	0.07007274708081057	0.06488684272998735	0.0551084827995062	0.2287988921524171	0.10079499891853394	0.11917362383426588	0.20378671034056373	0.14457126267072706	0.04176080688622874	0.10381118688139712	0.0
tient	0.3189108078232862	0.2552631847059692	0.04905959595412501	0.09200436760454522	0.04533970417197897	0.1333887361649837	0.3199629696266094	0.04494753972412657	0.09709022113473897	0.08519708916557778	0.04805681642872206	0.048156437255428064	0.1679283807172569	0.08321724972693778	0.07875806380504369	0.10933352786448003	0.13697205182737526	0.2132671731318072	0.10962636577216034	0.06467047632456457	0.0423646068938045	0.15902265146624095	0.08389693466316761	0.11282328862178403	0.06570425578295513	0.07171923296737759	0.1002448293559619	0.10737517740728919	0.05985581790310812	0.08470568445712101	0.1193572872246792	0.06726448063660095	0.09122283616992088	0.06458806758334668	0.31638414660696457	0.12792336600273113	0.1459037855286346	0.2032719872022738	0.2414199924967534	0.04704398500110707	0.18891197745029997	0.0769995305995479	0.0
naturel	0.31690677700391845	0.27879456096441135	0.09812264795442238	0.11012447021920913	0.08100396093387685	0.12217425475282939	0.30415675738876025	0.08300804492716307	0.10060271523998088	0.11137588141028643	0.08569587958697655	0.08844830681024951	0.16221727358419058	0.10807587796908391	0.09929419963093666	0.13641084998531372	0.17277910523186402	0.20004847930513292	0.1255736715424619	0.09842551782110742	0.08250055454030425	0.13567229460967167	0.10028388693573764	0.12608879506297443	0.07495185892779155	0.06003980811670151	0.15096073092368634	0.11033321366444793	0.09151378904985052	0.09913250097778137	0.12350874437227544	0.09205511230358798	0.06843389279023437	0.06525184175494747	0.3130407159636983	0.15965836427384228	0.1672636235679943	0.25101857054486476	0.21334031564090072	0.06850182870788502	0.15761355054473425	0.08546372480780873	0.0988692905582006	0.0
camoufle	0.3270050403443706	0.2495349850622105	0.0746792892013477	0.09647897476997658	0.050551653372829075	0.14544292049111962	0.33173951478330443	0.055721185401941487	0.11079440508119787	0.09799154102557683	0.06091362624334029	0.06115361336868619	0.180978772815098	0.08953639304025152	0.08951145711587194	0.12401854253133748	0.1462300740434821	0.2248537422082315	0.117400452478435	0.07536879006038033	0.055082597823451374	0.16225824415810353	0.09260080734524556	0.1087633931602896	0.0761687749193094	0.07308476842217704	0.10594751217391363	0.11727193847350081	0.07139220891104048	0.0923008174297657	0.12751888882458662	0.07721411951940382	0.09044144450044744	0.06996226271836758	0.3239098522635888	0.13978616243868125	0.14658279732563173	0.22860195420590745	0.2591478227054783	0.05803310410509066	0.19363387173700608	0.0912713985887541	0.07205456958494638	0.09058502041984584	0.0
odeur	0.29803285331138196	0.23838286086585336	0.034795334115906185	0.0651285751643117	0.021186358632584668	0.09738444370819399	0.2946993979560055	0.01517853718989548	0.05944840901986337	0.0590683681989107	0.016408763112496505	0.01748609758074049	0.13323151076192818	0.0506564968671005	0.049979715160941685	0.09514057259685715	0.10823016802645324	0.17906992923833054	0.08446870164411058	0.03214909539581723	0.012445055795933024	0.12189869691758581	0.047876217690444256	0.08852506534347593	0.03146236702748073	0.045987328139056705	0.07374761575595501	0.0751561461998217	0.02654466441740011	0.05376784247936317	0.08972953308414122	0.04656803399431497	0.06185345241377538	0.03353131820134658	0.2945959227873831	0.09894193899344128	0.12818313787684432	0.19861347860704692	0.2122091140005089	0.019292069520402633	0.15777573081999785	0.042908664834593435	0.043099535198151906	0.07216780551221436	0.05572096502931134	0.0
taches	0.6739353329270226	0.6474246289582987	0.5472285895973521	0.5677811693551229	0.5534304733803893	0.5974551090747526	0.6649048482451384	0.5496357851225169	0.5651662330393046	0.5606909020316303	0.5507887037287943	0.554826805956391	0.6034361781209124	0.5728930448876632	0.5697876138451872	0.581686658470361	0.5913182695054918	0.6530688028267486	0.5796686482908014	0.5444502993183348	0.548636631052061	0.5569977331083307	0.5372086530570228	0.5879586575534956	0.5585558817072592	0.5719205573905177	0.5804268041608631	0.5771317554778441	0.5564781082131887	0.5510353745407184	0.5961902482180275	0.5607215626403657	0.5766504916720105	0.555716239660403	0.6813956203151386	0.5901591801593508	0.5653580556177331	0.6469909567512687	0.6596638605413578	0.5519776928560185	0.6279330518676384	0.5568944675263262	0.5631076261317265	0.5836975483345548	0.5662445055562345	0.5524930139626596	0.0
facile	0.3148808194334819	0.28167547347973243	0.09707951984111174	0.12281075654490492	0.09202471040170868	0.1514137999555505	0.304123507584239	0.07978219818768073	0.11158207727688474	0.1076876114753128	0.08210630929380947	0.08679254079707699	0.16538378481457439	0.10009506171161109	0.09501475374489587	0.13179829967125756	0.17640963564430634	0.19621731592349334	0.14041361468807279	0.0962424592918053	0.08134293378288593	0.16910059028715296	0.10460027129756244	0.14595098656753958	0.08034617364771801	0.09772408175839287	0.1389172764946831	0.12323462258687468	0.08779026195988016	0.10612479121456797	0.13478386728343128	0.10863231105178206	0.10051220036872477	0.08239086785777161	0.3164407380090256	0.16499833662516283	0.15858958268376588	0.24856641363242082	0.21622792996059048	0.07973058303758929	0.17818733850287294	0.08689414082879032	0.1085328515960744	0.12165028130972355	0.12587011677066973	0.0636055324997481	0.5885726964628859	0.0
imperfections	0.2548835440433458	0.232226443051467	0.06482822319492165	0.06274457590032512	0.03956881206558094	0.11890383827433704	0.26014258158871084	0.05007461553105774	0.09562146524805426	0.07528019054729995	0.05687719817663561	0.051433159108870474	0.13826795240789191	0.07586492562311786	0.05719657541725576	0.0984654115773913	0.14333766940006587	0.17133129303153338	0.10397107307418063	0.06925031462651743	0.04957581918709231	0.14216090182538288	0.07357282633936735	0.10337766578014784	0.05420454926444729	0.05060268732229045	0.10815452714586249	0.09669181933191684	0.06112282880996589	0.07023237521268477	0.08488391838960652	0.05964761728239987	0.07797500275723579	0.05204115110581897	0.25525388847001707	0.12743936330965722	0.12128369384532922	0.20434248667904475	0.20507251645719649	0.03970275725503736	0.151167513258754	0.06575618956992402	0.0651409625331626	0.06763214652775718	0.06216566807439394	0.0468840134080204	0.5527635857335145	0.10932417435216979	0.0
agréable	0.2749268777665267	0.24657153759538264	0.04919996142290106	0.06880608926719722	0.032535872098446994	0.10094735882535522	0.26210079592758195	0.03206892686842244	0.06381523668770861	0.06494996175119616	0.031622699081623296	0.03522342149815805	0.12628789162467258	0.05157404787072195	0.044771025620203186	0.09530783966121092	0.12721584607131398	0.15528983176697952	0.09145622552452781	0.044452645987771544	0.02900077477540275	0.12532562264690017	0.05531345219667616	0.09946312528327572	0.03320905362858251	0.04855184696668158	0.09695614994801927	0.08026123701290788	0.0382645213170808	0.057561401551157076	0.08496418178102438	0.06162228103608913	0.0642011535688829	0.038067089483964534	0.2721358313283784	0.1131583392514085	0.12871323429650705	0.2033592098356991	0.18511641436583615	0.03325897798457145	0.1347518185205845	0.039990222993512736	0.060186453259182815	0.07575651763102498	0.07366066630847745	0.021268855461008984	0.5614718468347475	0.05146593329758853	0.05854640013320145	0.0
flacon	0.3632145934904395	0.27627721414991246	0.07301261022743788	0.11797875929879242	0.06792643358831962	0.15621470993937103	0.3639077803847578	0.056908867398964946	0.1100252001461246	0.10552965533640335	0.05216007836532777	0.06120233401268593	0.18958301925921983	0.09423937264269633	0.10704796397050431	0.1429706809729654	0.14222612378653	0.25006887527010313	0.12813767606875637	0.0757792214835431	0.05252235099036784	0.1751257676920479	0.10007104596382499	0.1331680284349228	0.08624878394786772	0.09803080260103869	0.09003510359069111	0.1250798402898211	0.046132523931280645	0.10330016245889606	0.15576559890264274	0.08275713298497378	0.10937847453328908	0.08223254664167268	0.35730880443652	0.1355145780314586	0.17691225944791433	0.24272792100195872	0.27970026119485647	0.06499385647935918	0.21804377759070326	0.09667071047532427	0.08409372957653283	0.12545626340160032	0.09682353310199043	0.053435939754322925	0.5734353536234121	0.11689006416200898	0.0949413096380789	0.06987009370996589	0.0
acheté	0.330376544728463	0.2904010245470712	0.08663111413152846	0.11547409339995662	0.09818201656301218	0.17727031003097926	0.34781149427665237	0.0791225702376036	0.14292577921079475	0.10387465200793078	0.09041726160082186	0.09761019553878636	0.18626749793070163	0.14017042162203242	0.12854199129549504	0.16714387537266695	0.17149752207840274	0.27103384276134923	0.13775203993940643	0.11053952014803092	0.08739986514711617	0.18317408287591674	0.11499366605820749	0.14526843328986538	0.11096481198605612	0.12040621404780527	0.13697410475055982	0.12127117572508916	0.09249368308825912	0.09968619732430894	0.176569153345272	0.10797759439388022	0.13907147780666307	0.10959355004590521	0.31851290547297084	0.16510973751835023	0.11492348003106223	0.27131098333249715	0.30892853839501455	0.09433340851807703	0.23024088644351104	0.11948101405783151	0.12378689417759858	0.16066544718273557	0.13294255461959859	0.0991244215630912	0.5510965020706875	0.166135594262236	0.11970879744711083	0.11498446601566847	0.13222061395239626	0.0
brille	0.17141878187313708	0.24468225228240603	0.06498883739622807	0.04528305529015364	0.03183587397758292	0.1270951828279827	0.18125581622841613	0.058125908069774024	0.09505772470374152	0.0719007424110697	0.06397881365187563	0.05888675557930856	0.11825639947197031	0.07443662128920225	0.022816920740798108	0.07905280118254554	0.1577025818931309	0.10599276194811724	0.10724410144004837	0.07973356146385024	0.05899199647125075	0.16521739521867684	0.07920079006793579	0.11199979262314619	0.05207904288069232	0.05246926407698094	0.12421045114218199	0.09740061211660112	0.065345997032073	0.05895837359310663	0.053425334246943734	0.052224370993924074	0.10053194617541472	0.07319494317891506	0.17250372192772812	0.13722186999157004	0.11476328805596014	0.17953138243896782	0.14510461548738862	0.04814627389784698	0.11630275413586455	0.05852803306088883	0.06904113290510105	0.09985367963332226	0.08425876465981541	0.05297820315787238	0.5679420525425638	0.11106482403831619	0.05673136552662672	0.058969385866502244	0.10613389222091085	0.1245420918955713	0.0
hydratation	0.24117724074967628	0.23010736546695065	0.04504879807451956	0.046494497667732726	0.02532284377367211	0.07973283689276911	0.23313676889583745	0.03839550027524041	0.07637484556322083	0.06473209962195414	0.03974624565851681	0.03549914480074545	0.12020616521090222	0.05934149440223402	0.03630823118155513	0.09249248003686106	0.13073026574533497	0.14647947360779456	0.09137256316963382	0.048201412765118135	0.03312466779338985	0.13259713617747848	0.04963858256047038	0.09639593730198714	0.03640593024464167	0.04901819288122611	0.0975732720856286	0.07736493335325012	0.041243100461605064	0.05375543085615664	0.06609729571212086	0.0567099595779742	0.08410721569552604	0.04168090671397173	0.2394330188939955	0.11493662391818882	0.1271807011598931	0.19054923400703383	0.18742887059017266	0.030525622375434436	0.14556867732358625	0.047348034214734214	0.05413518937676243	0.08136376679545776	0.072564953208892	0.023022808496413583	0.5555792667796927	0.08103118062975623	0.04987178663788627	0.027711650585144465	0.07628371327592709	0.10719284157449294	0.04732247855256799	0.0
tube	0.3198549371122589	0.2445287526678358	0.03543825521821209	0.07622019231848975	0.03229116837786872	0.12456471434673533	0.3203540938221938	0.014985718563590544	0.058021133436831906	0.060061709777523786	0.01356560150717534	0.02545863932351844	0.14083303233725497	0.06342228482768053	0.068338202352072	0.10706882142744378	0.10401189851866877	0.20742255913590313	0.08000850001666804	0.038702383296861265	0.014255967317690188	0.1256134237930734	0.05672043216802225	0.09123712456209954	0.042152639463391095	0.053463730704358725	0.0683951258567086	0.07861789843045608	0.025117961048389592	0.056677022667155685	0.11580084878372165	0.05022897799491366	0.06507206061773352	0.043838734630825105	0.31227209555770197	0.09215273707665772	0.12362943217548616	0.20821927849202782	0.22613737342822826	0.02615197629334276	0.16143832630150745	0.04814751728535882	0.053111074009495995	0.0852660493674926	0.06357427336775678	0.020487500368247424	0.5479827565559537	0.08610174065777576	0.0572503428736566	0.035357416543501	0.049108074138822566	0.08416248432489393	0.06626892537308682	0.041766456758246084	0.0
sensation	0.19724174737511857	0.33580941815201837	0.16832766563761425	0.13524498614869152	0.13410291847742795	0.17956007923160733	0.1885885840875683	0.17170880778621067	0.18983650257568596	0.16444751433402127	0.17996659794316294	0.1608334361503938	0.16581068742260185	0.1498210086136892	0.09685744178450795	0.17143478976004267	0.2544830577461734	0.12330333948782624	0.20268915375998997	0.17659523238885644	0.17007128781594705	0.23336791980886884	0.15623035223468695	0.20846067426120585	0.14370215133432862	0.1510253941213482	0.2331599005987538	0.19431890741019175	0.16382020536377517	0.14842651523943395	0.10821687958963222	0.17994441333611644	0.19708587105285524	0.16367636008980313	0.20830958089881424	0.23269944046426294	0.1934182586072999	0.2559892521339908	0.19728085249396388	0.1466488330967981	0.1912584795383948	0.1449738419286677	0.17449287171715755	0.18358933587005444	0.19370787953745605	0.1459024767246433	0.6186719393145099	0.17051569078828388	0.15571451174354722	0.13416322023396532	0.21042204541809872	0.23616206992199273	0.12083863202646727	0.12139157518834709	0.17587054634119437	0.0
solaire	0.3540674780034112	0.30643838091474085	0.12394371504984092	0.14925029258258393	0.12027150001864595	0.18367366234362026	0.3322744937015434	0.12092347673102388	0.1230570253376011	0.1417510525173188	0.11952982087589037	0.13035006905945667	0.20054586262544005	0.1410555042702114	0.14625665274020994	0.18575761919219402	0.19785782702405053	0.2549984051357206	0.16292536835650895	0.1230268003980648	0.1168220773157902	0.14169210318248926	0.10629607647923534	0.1554183034124309	0.12491846575771326	0.13450852967585658	0.18007966521813046	0.16624619669534946	0.12045590780844839	0.12913736097718986	0.1850645714269109	0.14256900416392948	0.15284264630227617	0.12864949926015323	0.35068972839627743	0.18358460135281984	0.20306605408302625	0.2921849084690765	0.2801420632886601	0.11897009795557256	0.2257801401015671	0.12369800785622187	0.14729697934653352	0.15689471292081436	0.16635933474274922	0.1129737810237158	0.5765949597564013	0.15947480714764417	0.1444188877000726	0.11547258181133613	0.16184445862327623	0.17923761631263158	0.15378862954642258	0.11372754746127078	0.11797375248426656	0.21713003865874914	0.0
grasses	0.4220047003576598	0.09198954223176126	0.25264770196486663	0.20747674695539742	0.2393203921183057	0.30545724216275416	0.40720507743957945	0.22320786193992237	0.25588475369997177	0.2587573146452845	0.22880261744526997	0.2389274630133511	0.3071145887637484	0.26275390291166856	0.2356900892578585	0.23159524477752513	0.3042713110293713	0.34546973500863687	0.27865858152096845	0.2472434907929496	0.23008088091348433	0.2823304320696677	0.22570330772892588	0.28963299647370655	0.23411964850325817	0.21798054796822608	0.28315073417868253	0.2574454809697505	0.23346415543476395	0.24618019817057812	0.29047983902754015	0.21675118197733356	0.2595852775498191	0.22295638686433494	0.4241004205164195	0.2915445548548239	0.2798854152781237	0.37674086684955965	0.37867741335777494	0.21739081514368497	0.32853994865685443	0.24923064895142688	0.2450686706435009	0.27563018523952	0.23452615202495475	0.23053248615437782	0.6504188469845078	0.2743128734931296	0.23271171994420836	0.23840650601422608	0.2702066921958822	0.2830531030378085	0.2407102164110796	0.22707806980392087	0.23878411731697358	0.3270871639381534	0.3033887592342527	0.0
rides	0.28679461646670934	0.32365066261977704	0.1487830668893162	0.13833923908184087	0.12818754317059722	0.20537014793525543	0.2884089746789946	0.12450724323323703	0.15217529748573821	0.13890512578019742	0.13049955831671467	0.13439357114847228	0.19303473283953565	0.16008014270751847	0.129952291826549	0.1774071903981561	0.20776878779412233	0.22199840891660916	0.17372762665893737	0.1537102420598323	0.13310623805034438	0.195391831497438	0.14244433088964914	0.13860959103660164	0.12899431713863685	0.13252997771430064	0.20083050921597356	0.14577248513556784	0.14087840853141298	0.12158386708100222	0.15026426221777556	0.1228064061312355	0.1599123380802242	0.13933919231803327	0.2712398618611437	0.19232248933152196	0.14925061994233957	0.2812374391266633	0.23422687102621365	0.11832005317403016	0.18685624843427717	0.12188123719150623	0.16219082925517336	0.14392336211086776	0.16841956454528273	0.13332072342728107	0.5570215228787514	0.18310397553516822	0.13593317511840053	0.13771424523037135	0.1837841582633596	0.12709111973474996	0.1310139976460739	0.13522528348418406	0.13099427573548905	0.22851295727586307	0.20310782312174058	0.3203033619821427	0.0
uv	0.2774364424487922	0.2654172132520367	0.0713388490241249	0.08780856266500603	0.05208296357739561	0.1326550930621846	0.2712439881049703	0.05687921522429529	0.08773283063338444	0.08440794672980578	0.05649756648760196	0.06224167263774805	0.15178392697139154	0.08745613381993389	0.07098454760839401	0.12030897420615339	0.14981716742916906	0.1791107689612621	0.10889843776319308	0.06394805660203662	0.055638224592758356	0.1406285966846239	0.07656738133642305	0.10231391082772423	0.06394729260547505	0.06957561407608126	0.11785278834110124	0.10487426791914234	0.06343347563549362	0.07989235128862704	0.10573208981844118	0.08095421134779612	0.09326387343819043	0.06879843716787304	0.27502550124320313	0.13650223184488097	0.15072384199662936	0.21645308598415625	0.20550263344690023	0.05416437828186771	0.16277599859682634	0.06691015500212316	0.0806396443590709	0.09818943959280724	0.09396492971700698	0.05054387784163872	0.5644635533013596	0.10646060745484476	0.07590213775537225	0.0589058304111697	0.09975345524201262	0.13120009249198417	0.07696384932690903	0.053674862786916355	0.05845128891372864	0.16457306723552312	0.06080344608584298	0.2612455032945932	0.15160662663199498	0.0
pompe	0.33991600705654557	0.2638618478677316	0.05728271296162146	0.10108942368802032	0.05438705518445408	0.1467658007631787	0.3342077051975134	0.04471701837729469	0.08905870598664345	0.09009730007323202	0.03780610719285704	0.05142660415543843	0.16832383014638985	0.08134229865385045	0.09007935238805798	0.12452843614132747	0.1344886881627304	0.22802172458993208	0.1106221464456586	0.06519427081217499	0.040973083523775156	0.1507012214305823	0.08014023369482137	0.12256873811177915	0.0709759780615129	0.07893707991149312	0.08419381052495634	0.11180922524810855	0.03198911424137718	0.08753502552462511	0.13957339871555552	0.07576775260519808	0.09475841583221367	0.07093833744342593	0.3349293663247638	0.1262399955628093	0.1570461968293485	0.22982291198857263	0.25806150633565694	0.05168177151912989	0.1949591672702462	0.08005219365095317	0.0764976877257395	0.1123568616836298	0.08795872037311381	0.04375276004356732	0.5630261520968768	0.10674172432114204	0.08205744043483276	0.0562380726513082	0.06702667342684132	0.12070153262718364	0.09004300640422513	0.06453198564560492	0.0425733854397462	0.1920551388998234	0.14689827027486413	0.25761071152830717	0.16639813023874994	0.08777808753002125	0.0
peaux	0.3206532853710303	0.19674631579814628	0.06658199494576977	0.08406322340604755	0.05397274428578813	0.13984079829132823	0.3197108836825019	0.04356915095883829	0.07719477468872382	0.08511654679350544	0.046921613091300496	0.05484596252533103	0.1631832628103862	0.08804961587019089	0.08488548437438603	0.10991402079626089	0.13266311971867617	0.22677162591709865	0.10251142503108324	0.06407172515789428	0.04353033749144797	0.11444939434574486	0.055786514146905275	0.11585664012328556	0.06493124922270788	0.07083546334666957	0.10563727919089116	0.10253700286496747	0.056084610043640515	0.0802723621699083	0.1353523488176096	0.06695778692791321	0.09120438193025526	0.06122453454436261	0.32228313677203324	0.12519702196405325	0.13742627128853846	0.22877511994538025	0.25190169226824133	0.04891942608712396	0.18629664695220916	0.07650373446594083	0.07046619521261277	0.10463428403421016	0.07820034831913136	0.046702639314541106	0.5547082515444374	0.10944796857748085	0.07454462478293322	0.06047961168165861	0.08953857835289847	0.11390732834777773	0.07993319035088098	0.06027447536385133	0.05127085467874015	0.18649657011437237	0.13619605859128192	0.1785851810415665	0.1557777604812174	0.08292158758626866	0.0759554283177779	0.0
pores	0.29872152008246833	0.42921469972521653	0.3372424501351976	0.2748229863661632	0.28127016040229413	0.3106292379447031	0.2981782624925099	0.3178232655860551	0.3081599311628712	0.28891369660382227	0.3234740042493677	0.32288803274190314	0.2544194569243865	0.3072740272791956	0.24573040049399741	0.2492094170290674	0.4042389966856761	0.23552316770022408	0.324439744050673	0.33151643625645133	0.32370523597298884	0.36148749208529884	0.3226449570733545	0.32506192959999936	0.26572262188804485	0.24660705576702535	0.39847782561068357	0.3014601079927044	0.31996274610818254	0.2898518852890011	0.2237671023812592	0.3237868750290055	0.2819672987616064	0.28335958894293023	0.29659584786919657	0.3717135312059401	0.28643781709521376	0.389381436913519	0.22736617271006	0.3029172373161204	0.23815826749539137	0.2642616988447921	0.32279991904449146	0.26039510534517696	0.3050691008820715	0.30705417267458757	0.6930296932425397	0.31483608509169125	0.26522741864676724	0.28149071638307255	0.3681322493096453	0.3804537271167302	0.25482857464403275	0.2887730012154047	0.3223960813675629	0.28822853359708867	0.36102054415734064	0.4239580870802494	0.3225843038386349	0.3098700752119271	0.34876815684340745	0.3279916191228499	0.0
mine	0.4572748235030156	0.3625086894513514	0.2023638643875516	0.2302627378188996	0.2011816169250581	0.16229287745374643	0.4193624194314892	0.21099573274036654	0.2341349417483699	0.23000604749593656	0.20982752359403134	0.20436458541126112	0.29147876013887	0.22912071585232485	0.2320446444259826	0.27119276967933303	0.2673268483576281	0.3503596481227834	0.23363652147096248	0.21057373898639686	0.20181327167721874	0.27498643006885704	0.2086385257878588	0.23226848844808312	0.1998298215079385	0.20567025875787004	0.2584254493156387	0.20109209561926955	0.20794989286521248	0.2178242393980323	0.24295433808719347	0.2107860619879055	0.23775460868919596	0.1670013299049069	0.4532876816298934	0.26088576334642966	0.27102735039493187	0.3688758890675039	0.38750538583872696	0.19270527528872672	0.3176378515590127	0.2235585521698209	0.20758238891708514	0.17547377232144734	0.2332150365963579	0.18587506485854366	0.6333193430887238	0.2363041571805815	0.19856947956535564	0.18883977268958063	0.23300956863302869	0.24807145223333005	0.23518351620374012	0.1436460408409832	0.20907538851385354	0.26690788645221275	0.24443961547699722	0.36145813449373476	0.24862183206476574	0.21280201905478502	0.22894391804729497	0.21753498757060563	0.40495044199727737	0.0
belle	0.12679611920847855	0.3202390446171818	0.17539229436740988	0.10738500776435278	0.12379221028805565	0.1747456840702486	0.12469111743717665	0.14906816149710456	0.13594926063277257	0.14113175239896736	0.15267267043994692	0.15592574173894924	0.12797502555048734	0.14964129208314603	0.07454078477012738	0.15073222077317538	0.24850095216266854	0.06766426030480377	0.16545597531881018	0.16850452155195217	0.15715988833353478	0.20293975037438594	0.1439425072275261	0.18529626388553888	0.11067123163735171	0.09630481237159205	0.24139389664267985	0.14109174179716089	0.14730055432374034	0.11444772407175563	0.06275727543103438	0.16139034754969184	0.15126895217893854	0.14927241134617308	0.12353902338856071	0.2130597455174914	0.16940337107340842	0.22088356657332586	0.060595707617578376	0.13651017283362188	0.08722106892083792	0.09446956600938095	0.17245144554796854	0.1647682803421744	0.19446795630505687	0.1431603036946555	0.6105618604053488	0.16848168057616597	0.14401545883416267	0.1264094852757428	0.21001885134857912	0.2122144631627263	0.09471396210954641	0.12183780598581806	0.15422185133779298	0.1613856225953193	0.211380683908306	0.3216992471931145	0.17360014812718005	0.14534809004703098	0.1874003935993227	0.17762042483407126	0.22593242600499297	0.3087825853573044	0.0
effet	0.2698414060279811	0.24470072411262345	0.048031983666357525	0.0593866469466271	0.028734608641195925	0.06995459101834711	0.2623074618826787	0.03856894524759735	0.07806414698573161	0.06674673963917355	0.04137745394684189	0.03559321134163185	0.1313118823849604	0.06325327197255548	0.05034645524816184	0.09941605951119759	0.1282537700609655	0.16828430179765308	0.09152951166149359	0.0522568792814897	0.03383035451774763	0.1301209708550034	0.05634054648973352	0.0949069854520388	0.04003451455736995	0.04338632582755053	0.09588988532260767	0.07624907309846984	0.045492935573326565	0.05760924196979389	0.08065286618870149	0.05532751202110242	0.0742847101023637	0.0358657022637916	0.27030915055495475	0.11644551474607767	0.1181333659738174	0.2033798571852642	0.21311132614721695	0.030570706679433957	0.14956827256876215	0.0530163235077733	0.05451397080073905	0.06526793425995192	0.06399597758001863	0.026995425941105045	0.5582686219031074	0.08486336066355005	0.04321033517263306	0.034522300155040986	0.07700825785538434	0.1068660006358424	0.05451639928975782	0.022965063664910135	0.04327858307495713	0.13612220195229485	0.1217506580993436	0.23848726034914913	0.13179659503644714	0.06036832814994886	0.06647210128867176	0.062112977852589624	0.29132350532733275	0.13385707569849592	0.14097241432865737	0.0
jour	0.3481038952219595	0.30669576370001206	0.18513410244409045	0.17505786802199075	0.17332593635035842	0.2435048170391435	0.30801957068377617	0.17125682675201415	0.11471021056248387	0.1714424975265182	0.1751420605568086	0.19128614514271503	0.20756497655078276	0.2028580134246888	0.1893973662594879	0.21588202576361426	0.23760384263168532	0.2900606317139779	0.16783887485959303	0.17726217331182625	0.16938096787303736	0.04904450964771945	0.06467865093959047	0.23924631699051035	0.16779645263447873	0.1724186718139833	0.2493425370799578	0.20420920957563848	0.16661763244697958	0.1478127578771481	0.21935471130316453	0.18462742359229745	0.18428218608102298	0.18557718559196812	0.34730112800333	0.22681803782758925	0.21735170761770828	0.33280929788685776	0.3000266711267684	0.16723260760333702	0.23708788926108593	0.17281439003020616	0.20836371472276194	0.20004820420878588	0.21389069404405492	0.1718920179822373	0.5622095474438199	0.2127164065238798	0.18931313117868165	0.17315320723716454	0.22451045310910345	0.20861003429974367	0.19787886310358904	0.17244977005078566	0.17073447022814436	0.24829713690463728	0.16427378073646504	0.3063778900569527	0.21704156092995253	0.18289924121577295	0.19765682650823957	0.15530905488573588	0.3786872285557853	0.3194117251009768	0.220672671450026	0.1764476789600209	0.0
emballage	0.40832907144830966	0.31826290683524605	0.13719928655541092	0.17578143464796203	0.12340151192136051	0.21016866286302704	0.4032261549527676	0.10749306588072927	0.1485331006402989	0.15993062841885797	0.0982218779961046	0.11594407326968859	0.241324286875076	0.15429565493514075	0.16232159367846088	0.1950989894012488	0.17555102496819353	0.29199504690571776	0.16987870468973243	0.12717796644477486	0.1069734465029255	0.21955979194468112	0.15122246468410938	0.18074139500747521	0.13803730701153827	0.14447832499991664	0.16394439743026934	0.17192582213577023	0.11787976542623879	0.13697998180305548	0.20812730426890402	0.13971895166677395	0.1536627919637218	0.13608922896504316	0.39919212958574246	0.1714684736823462	0.22046005124680146	0.2878981888508283	0.30286873874000053	0.12126616999884277	0.23452750491988306	0.14304676443764874	0.13990219437670515	0.17650148120770548	0.15314519798346193	0.11193323377686837	0.5904031154377058	0.17738195635905774	0.15125880179290807	0.12949225814444287	0.14350648743797323	0.18079448012937227	0.157732080268303	0.13388446523321051	0.10968919024783708	0.25530657983897986	0.20350391499482945	0.31357633451670397	0.21538333337507942	0.15142136713857612	0.13449415543335907	0.14211375031664153	0.4028844787636504	0.28629704016211943	0.2347066270220457	0.13730383188946327	0.26528708645421517	0.0
gamme	0.23497426036712354	0.2738985057239697	0.15273334073831002	0.12365096023965483	0.1222882998639544	0.19189286512115145	0.22105031726006497	0.11680813728042727	0.12910554022158582	0.10398007421144051	0.12850164878362536	0.1384469178835107	0.16212443317574987	0.14663313481625773	0.10808416410078547	0.1523338448669721	0.21568602302955686	0.156928578090186	0.13712092699499856	0.15179420962956192	0.12938398354416158	0.19225906487657474	0.13232658645783246	0.1820949374217281	0.10992429465874287	0.10822062330675297	0.19754425297156286	0.14438140832091695	0.1296428051121633	0.12198370245072221	0.12974363047278525	0.1438417689456254	0.13842517272763288	0.1322440923135213	0.23232907941255776	0.18860083867167265	0.17395741431477996	0.2051084008571573	0.1632651721539533	0.12011600411904633	0.13104539929111025	0.09923789165996089	0.15853730283656287	0.1678566494693321	0.17266100994024403	0.12772645765752333	0.6059420218535791	0.15858248750408577	0.14039466446787296	0.11940470084893973	0.18218675506818138	0.18754928335829602	0.11732904787091536	0.12442249098202929	0.1282717435379982	0.19225486242969714	0.20385079526892913	0.27411799903646894	0.18794802973585978	0.14386471210634655	0.15895434726381485	0.14960919756318747	0.29129027364343707	0.30761176125419976	0.11745753382497492	0.13519850966247804	0.2116353067658966	0.2127095913722431	0.0
teint	0.2817637456783949	0.26913978532129856	0.09748127423811503	0.09746261763511188	0.07131061667427507	0.13654699537137904	0.2780507095135403	0.08058039932897743	0.1045920420310611	0.10496099206385057	0.08407415820768149	0.088513393979057	0.15275576308421002	0.0963352753120934	0.08767250961098383	0.12556524039048977	0.1673822406387776	0.18809625963835241	0.12333883483911512	0.09449333208074029	0.08083975551022882	0.13075670483900026	0.08893820621614634	0.13658939723299202	0.0683941744741956	0.06894606979928564	0.14353393974160755	0.10693426868351863	0.08871408995162	0.08901187574028002	0.11666851241751452	0.09449720985836685	0.06491228297770124	0.06591184754674984	0.27989393127411133	0.1532576968294196	0.14466310361314827	0.2369752168993473	0.21542200204712314	0.07812438236877595	0.15770329634096836	0.08364399508888143	0.10408832976573945	0.08561675134710667	0.1030466678350428	0.07665997757882548	0.5733726358853661	0.11962992087720425	0.07611037289355849	0.07533105628606451	0.12657205769351498	0.1470789684849212	0.09119617922854728	0.08047299277765985	0.08727276258333161	0.17636276973468945	0.15319652062787636	0.26608066319792323	0.16356255182523605	0.10193943160111096	0.11107171265805516	0.10354753867419586	0.2935694327111764	0.2136670497025981	0.15016966201705007	0.0685775339283271	0.18108152700062286	0.17685418591706303	0.15795210034021256	0.0
application	0.20839417228409685	0.24705020983714943	0.05841757564592498	0.04860029683207079	0.0334238542399915	0.09693928790144446	0.20344616709838792	0.045489034198235134	0.06791209882310834	0.0573317262750096	0.04961965819762659	0.0468768228631099	0.10226254630787746	0.0653746717867848	0.03369444859189308	0.08229868308861887	0.13440120736274297	0.12400128799415167	0.09469997117798135	0.06110442856983478	0.04439493712308962	0.11342701606886718	0.047971090364843816	0.10262036534080543	0.0363221311351275	0.046508391234716506	0.11340948717699972	0.08184435478386987	0.047941627602797965	0.05095255319840053	0.05991382989327576	0.06227999475288415	0.07598634504297841	0.05140271228125415	0.2097565882314737	0.11958332157511575	0.10480728388242955	0.1968009518348648	0.1616138991047119	0.03739903951884227	0.1212935854903785	0.045439561980164966	0.07067385149527416	0.07948505762208113	0.08324571632246391	0.031718633191414436	0.5553243024820942	0.07987336875795703	0.0544165316689913	0.03462332751175634	0.09127120511706555	0.10542663373098349	0.043021974032044885	0.03050323756839113	0.048415076587845385	0.11104757108669683	0.11892326260383013	0.240840271064643	0.11964548249236506	0.06600592136913452	0.07423069630631585	0.06727383837370826	0.25919982564451294	0.19838019136022977	0.10079186143040852	0.03725415401258403	0.14382423219258622	0.14745535640047158	0.11282507855079438	0.07826053406137667	0.0
couvre	0.2763907700101327	0.26746194291489944	0.07101814428168796	0.08074159832222849	0.04412091583497135	0.13371421708091902	0.28518998469121337	0.06181708873600733	0.11113823716271698	0.09617418344384521	0.0678032199544999	0.06398065564097588	0.16668589073357254	0.08593031144525898	0.07142859051593198	0.12016769201113187	0.15133351894441782	0.1890607256512804	0.1176881360866554	0.07700221823165432	0.060879231887668195	0.1642689095607497	0.08949824596169431	0.10496832425741909	0.0695439315034666	0.06498745604144751	0.11826841075540628	0.11167681099851223	0.07359633787508368	0.08335835792896862	0.10052694672951323	0.07323449748233823	0.08872697865481305	0.07019380947113141	0.278043144024654	0.1412798297930471	0.13934438994027043	0.2159937366154241	0.23113139014817607	0.05757988570283179	0.16358500722321134	0.08376550168653762	0.06805235238506457	0.08426759246895565	0.02804851556711474	0.05691929561123299	0.5707838061900958	0.1258609995530462	0.06061157861980759	0.06954963270394898	0.10273460853037553	0.13375568390565473	0.06831161209526992	0.0638073107577537	0.07004475674484201	0.1649441148985179	0.1612777625531272	0.25834427525981407	0.162079170550396	0.09056230930136588	0.09088377530320191	0.0845380101546861	0.2965652465099371	0.21151286953915716	0.16744689888733988	0.05446774327261483	0.21318978369739117	0.15652148826798729	0.1610804118955229	0.08573416053762362	0.07375492164917608	0.0
journée	0.2247373118710705	0.28963626057006686	0.10746649383362583	0.10169363000259057	0.08823127810195475	0.16291064155497692	0.23186835238268244	0.10612686350483591	0.1399774692079112	0.11817701545107195	0.11099995983626931	0.10227270472869232	0.1625086685868159	0.11603120495431518	0.0813197010303851	0.12956512072925852	0.19687306274286032	0.15188035609320671	0.15112072512697916	0.12254109860125106	0.10783450800494354	0.20279339336931324	0.12445915179405587	0.1517846842464614	0.09888088811739237	0.10259017302743101	0.17520179546738424	0.14031529245870233	0.11242814168864379	0.11085958681110641	0.10165746614918492	0.10566392216287446	0.14266113222132126	0.11099145036656388	0.22784344925913058	0.17743463981021157	0.15390990194663212	0.2389605139846177	0.18778447596376724	0.10046338053499848	0.17005707596096997	0.10162583967815808	0.09897099142925547	0.14607395782103727	0.1408566866175197	0.10229810252496696	0.587518183506257	0.15522019646672036	0.10264434495944641	0.10040297493709704	0.15231345364471915	0.16582145405839388	0.07807981683178467	0.09133621120180357	0.11008462007446773	0.15597811451963084	0.18688772903992912	0.2837808029982958	0.1770900123665079	0.12429403464526678	0.13842490763761017	0.13148922685516606	0.296669671670333	0.251930827645369	0.13763806287170777	0.0957973330295605	0.2310739753901393	0.20409489210292753	0.15940100233010845	0.12872006972257266	0.0886143110814892	0.11604403659179585	0.0
parfum	0.3384702454460171	0.2416657301873717	0.04805499695156368	0.09175038123367807	0.04076901012473111	0.11437469425945346	0.3283788132127885	0.027563176579378568	0.0690612740577522	0.07344010827055991	0.027429704435730007	0.032576968671409245	0.15379455176287782	0.06268100113266362	0.07410666987106607	0.11229442930824385	0.12000224744353916	0.20764502786851569	0.09487918440891485	0.046291749592394016	0.02518830729806565	0.13772689025952267	0.06700444665894134	0.09950356369976132	0.04760102555698231	0.05818565717559687	0.08386707094223933	0.08743817221042705	0.03987960154987791	0.06946539603979318	0.11867155377708993	0.06230071239379331	0.07082698733021497	0.045570505513677584	0.3303616621711115	0.11074099274065308	0.14722145480848037	0.2191693317136857	0.227996826319111	0.03556870969739612	0.170536732499324	0.05670252540086407	0.053581891475109056	0.08424797714698518	0.06753543743946022	0.016554499370832865	0.5587396081420416	0.08165881075593451	0.06428528191124194	0.03685335845623028	0.0669026430661449	0.11359430338226972	0.07411610593833584	0.040576564775504864	0.03245208195767024	0.16680902037512269	0.12432988497399688	0.2355384927669395	0.149435224277367	0.06754226614426417	0.05661663763369251	0.06037254695537042	0.32177914444915756	0.1912123801512886	0.1625352823398799	0.043496778317495544	0.1877070098170981	0.11720627700213404	0.13533998991805218	0.09276720657926829	0.052150213539713164	0.07588660846589401	0.11732819009676199	0.0
peau	0.2648938181874695	0.2361684378521537	0.059724921242134466	0.06103910408943969	0.041896211053759735	0.11398136237065537	0.25656099292134105	0.03585115215258028	0.05608357753665638	0.05605033102095747	0.03756778947087702	0.04300190950422722	0.11457263733676859	0.06420851864091259	0.05206082837952031	0.08581801864115246	0.13288528966552726	0.15472008023326822	0.07836251129159377	0.05498925522302711	0.03806119507948169	0.11151563695757216	0.056294194276934606	0.0870056362331102	0.03688584313762944	0.0378301533136528	0.10752932807168303	0.06846641546544374	0.04670362435223896	0.05349447264035001	0.09276647433196916	0.05205117021840433	0.059165801408761265	0.04332006406939248	0.2583560211250977	0.11944280002189311	0.09225730770487794	0.2021953575906944	0.17189868441370337	0.03610677090102665	0.11777544580159316	0.03717049381924131	0.06361267594047781	0.07459171699384204	0.0792730152510408	0.03367108030516197	0.5511567976753381	0.07662618770761731	0.05989165451972356	0.03425282765077631	0.08647008450807325	0.09716942660400885	0.05648748779063628	0.04475848684366113	0.03936273531412371	0.13830268611276975	0.11614117055595974	0.22989068638050558	0.10999518162103628	0.06585009018196164	0.06961615045504654	0.05769042896996723	0.25167333662853486	0.20284960793667406	0.11300548058822069	0.04518320414335153	0.15050710755149865	0.1360534946571773	0.10670757277179355	0.07565756620478559	0.03359989046031542	0.07477647762982365	0.09269904467259893	0.04580314469841584	0.0
colle	0.2435608635264953	0.2748268963867315	0.07465418315068839	0.0816517086939137	0.05595725198002721	0.10399444904921595	0.23364484489545856	0.07458404619137948	0.11114599536462855	0.09723029937865235	0.07711346384926887	0.06700408076879028	0.13910208594866158	0.07647332586531552	0.05324249007308335	0.10465687264269286	0.16087950717524435	0.13331102341628231	0.12930072311260876	0.08385581831558231	0.06982714828071546	0.1737164176730942	0.08905485862195228	0.13428870358644796	0.06156378536880425	0.08143914062808921	0.13446969696969702	0.11320040033754386	0.07307820845542867	0.08718145826452528	0.0788774830410609	0.0959256354628425	0.11004279181278498	0.07412997075827898	0.25279654120199624	0.1475913549005139	0.1483390926642948	0.21282531013042272	0.19516384557852484	0.06660763917744916	0.16025111084448984	0.07325754329555467	0.08548382803665056	0.10773969755239432	0.10855070608864503	0.0477333433887267	0.5833608824534446	0.08877940741296819	0.08556548258907348	0.046139141999546496	0.10827307228344074	0.15020230293355863	0.07025624945614861	0.04398462902682687	0.07815509581224822	0.11811954150414106	0.14872221040829092	0.26356921788438725	0.1699479517461433	0.0926356004724076	0.09480669445970646	0.09876216469269283	0.2936135321075193	0.18035031694806558	0.13889417715161945	0.05318726715839628	0.21322906442947143	0.1684917083999572	0.15047051961243318	0.10791772875090877	0.0485047271606851	0.09252979055226962	0.10833357477037986	0.06578382435811336	0.06666905865770634	0.0
unifie	0.29988263324063846	0.26749519743829653	0.07342241767077728	0.08238342253268793	0.047335426577536976	0.10948395733618654	0.29885744923213076	0.05513870607126947	0.09925338904582126	0.08481789571131582	0.05985357025455351	0.05650268634269373	0.16409436302600422	0.08187705429852432	0.0775738679397936	0.12303297209206976	0.1442852557983103	0.1938140190183114	0.11742229834142803	0.07120033725410602	0.052449901521950504	0.12845152295148976	0.07989802947308478	0.12004802233238332	0.05920041890738548	0.05274989249366113	0.11007042030788627	0.09995479767701743	0.06663396189526138	0.08477510728272153	0.1046409877647142	0.08032970022618702	0.07157921107889609	0.04996947867044499	0.296440672675774	0.1324981673349631	0.14572143867724108	0.22130555453652911	0.23351361324033892	0.04940672378088484	0.17637255213155412	0.0819131158400338	0.06860222232728586	0.05607042029582332	0.0508904392168984	0.04799028204298672	0.5611224357893465	0.11645338187993448	0.04868545832842863	0.05859319416537978	0.09473761350094545	0.1298015743559976	0.07707995581477689	0.05626613743576614	0.06004627270860685	0.16984609884354895	0.154587666914076	0.25872574088798184	0.1596041422765031	0.07982483924619721	0.08616415443406611	0.07993227097480804	0.2765095795844228	0.2035445801488116	0.16932838462273847	0.04832777864081905	0.1986013469160367	0.1534585048244711	0.1641725154112651	0.08911896482886328	0.062266318297081624	0.0560815280217164	0.12156794370800816	0.06599411237360919	0.06730937861161357	0.09227182871404416	0.0
éclat	0.2152475270305032	0.2895279167412116	0.10522527298401707	0.06899501490481919	0.06991930149648429	0.1340628651905823	0.21195892500194524	0.08945950620353549	0.1125774244210862	0.09907779809717787	0.09876468279622597	0.09164262141103907	0.13936900953006992	0.1032927492164466	0.06633982253613613	0.11883482965821757	0.18131831658704967	0.14408393063643243	0.1268741811246228	0.10824548927764843	0.0904576161643309	0.14667719779005817	0.09776345147130938	0.14151253813343256	0.07897127334715681	0.07234154712343299	0.1598214431516911	0.11837408063491572	0.09720200346144925	0.08736972899041151	0.08510729712998222	0.09849156993136665	0.11878098553527816	0.0879224160125146	0.2078404676691583	0.15193521008171296	0.14127589886435177	0.21396792265008524	0.18428016762330302	0.07413966403706551	0.1463374959822662	0.09076219364324656	0.11100844070552551	0.09411839116911169	0.11001547649347498	0.08452957219433743	0.5739010869669541	0.13757248266116562	0.07672864966874138	0.08480637796657109	0.1398239541465207	0.14970619151079745	0.07318850544996136	0.08083132767853662	0.09413225838466643	0.14917508765071186	0.16637016295350315	0.2843710250628838	0.14194175691112854	0.10353773959383328	0.12377495975020492	0.11337123320657971	0.24527397142729457	0.2462251042924951	0.1273465352799661	0.08230793186297236	0.18749590537937622	0.19221473448516813	0.15421505386571122	0.11435763877236571	0.07149977564996535	0.10099262524830577	0.128880736167308	0.11036986919876135	0.07846849159917069	0.11313400416384056	0.06527969876830486	0.0
présentation	0.3426926459981161	0.24713886775437166	0.03080880990904733	0.08284227143292511	0.029463505997380568	0.12740361640046427	0.3475083125912748	0.01852222177374241	0.0779973378087292	0.07454941116525993	0.01438736030266774	0.023400674058357107	0.16600235730351265	0.06622957213304315	0.07533709146059231	0.1110146827947045	0.10455577617654865	0.2290441813003502	0.09639650891191698	0.03684841756643664	0.014550491836732071	0.14516548577743116	0.0649941382596616	0.09888327314578316	0.05207528478446921	0.06765527467361998	0.05906673880115543	0.09619351622678529	0.025240573309333825	0.07201863316964496	0.12748241681454997	0.05080118975060066	0.08177070214932802	0.05007756834053678	0.33825806063662045	0.1000083105379066	0.14585200644422247	0.21323826628847642	0.267737942325161	0.02935433696430967	0.19365178042072984	0.06531607884278501	0.04940669933576303	0.09720871143887866	0.05960913636221843	0.018764700868006523	0.554254063028539	0.09569718213466538	0.059194485076613734	0.039019753843864136	0.041597193576283	0.09607354504193821	0.07099394961133165	0.04170724280180815	0.02018364237818404	0.18601507992541422	0.12927214354877414	0.2397427636562347	0.1534415208840938	0.0657238411871196	0.03560232941645469	0.05258720417200502	0.3510599652928419	0.2070263186521436	0.18914581055431157	0.04317975028405785	0.19715360664024673	0.10888907541220971	0.15680743267531694	0.09561648064717976	0.05910371809883663	0.06516219772258292	0.12268235240302572	0.03447388475164137	0.05752993303184739	0.07488599593920109	0.05944074082477868	0.10707586399456726	0.0
rougeurs	0.2643299553163656	0.24140706704901704	0.0721053392455192	0.07667895009114434	0.04602626239870178	0.13934136828947774	0.2737194976476425	0.054055606090552155	0.1053985353599255	0.07116550072735772	0.061772208784705684	0.058770643132639466	0.1455138255348455	0.08357356278792871	0.06465007542124823	0.09849546179661517	0.1460482035234152	0.18118425208576716	0.1136958052125312	0.07772399886283476	0.05714469483040863	0.16304852667881942	0.08737437495928146	0.1064668023216706	0.06409994772314886	0.06642542453716838	0.11908796389791976	0.09734645893258409	0.0704408844015908	0.07139476414642454	0.09730016971993427	0.06796055574735138	0.08603706894618413	0.06866052677418277	0.2555441121493841	0.13377113286671483	0.09034742016586617	0.21254966884921145	0.21540223300646	0.054749997859203314	0.1601286993236377	0.07057706859356039	0.07588558073564122	0.09919664447495058	0.06059837192611994	0.05751890022533135	0.550357951949294	0.11653978767679496	0.054620602478637315	0.06876184509073702	0.1048846447713283	0.10290716361750274	0.06127085385390518	0.06360398392641753	0.06169755569419921	0.1631339349904498	0.15693478936787497	0.23314882232537404	0.12788917512381393	0.08930766364941278	0.0913613221484767	0.0796751245162508	0.2536523079293451	0.2151098971965062	0.14272998154066008	0.059067683024794815	0.1998450570286917	0.15467767366436425	0.14219942722118284	0.09664730475495009	0.06407692607182125	0.0586338751279496	0.10728306601912241	0.07443265720770242	0.05742728535030239	0.09686842751699509	0.07249236936410985	0.0950849912265308	0.0685821943672752	0.0
hydrate	0.20851255473407082	0.24332619614918682	0.04193888963450454	0.04024125389307409	0.01241765644927384	0.10164811487477199	0.2140793723024481	0.03141702446370509	0.07954599277626395	0.05550841502718962	0.035685710766911405	0.028165607031376938	0.11706042067542988	0.04537916594147673	0.01917898995707945	0.07699105108192172	0.1199116377715218	0.12223429289665466	0.09082536275352704	0.046907492329713585	0.0285075688676224	0.14050147433613513	0.05366292322239685	0.0959811476319502	0.03613373889019689	0.046776711804563775	0.09045649150453894	0.08887770894791314	0.03786719492352686	0.05021059430720198	0.05346547163709636	0.049933868495862566	0.08285214547653963	0.04983670095709225	0.21133609147182797	0.10631289123363319	0.11850733379279454	0.17110410922342856	0.1746300344370093	0.022344368373642176	0.13737436931683344	0.043340756791190316	0.048491261115899076	0.08241543163772835	0.06016833496599083	0.021441583855333013	0.5561433959499071	0.08288940721019189	0.04017096315104329	0.02885814451875368	0.07217933605397076	0.10993633344104925	0.028206533662943234	0.021456819761139	0.03810412537266539	0.11378132287851483	0.12677736582523103	0.23661390895301637	0.13148944647186434	0.05355691419251718	0.05918612064869688	0.059522282169486185	0.28476486576404403	0.2060720596271569	0.11535608324923208	0.028370876690709812	0.18030754051535614	0.1295560367022669	0.11779641549341624	0.07489073944710578	0.029158989992739248	0.05094367859279092	0.08132911952199517	0.04322949684395683	0.04433664346839761	0.043566055058886555	0.04987984167375126	0.06716037291108001	0.03419011329735888	0.053414657269955534	0.0
