81	labeled
mixte	0.0
mixtes	0.7949438202247191	0.0
dure	0.8208092485549133	0.785	0.0
convient	0.7022696929238985	0.7677543186180422	0.7577639751552795	0.0
matifie	0.752317880794702	0.7560975609756098	0.7305122494432071	0.6775956284153005	0.0
naturelle	0.9131736526946108	0.8587896253602305	0.8278145695364238	0.8302752293577982	0.8489208633093526	0.0
sèche	0.7301136363636364	0.7922912205567452	0.8163265306122449	0.7397769516728625	0.7865168539325843	0.8449197860962567	0.0
cher	0.7791563275434243	0.8065693430656934	0.7710843373493976	0.7347611202635914	0.6868327402135231	0.8964059196617337	0.8205128205128205	0.0
chère	0.8458149779735683	0.7904509283819628	0.7751479289940828	0.8075313807531381	0.8157894736842105	0.8428571428571429	0.7851851851851852	0.7925311203319502	0.0
temps	0.7782101167315175	0.7686116700201208	0.7333333333333334	0.735191637630662	0.7229357798165137	0.8598574821852731	0.7842401500938087	0.7533783783783784	0.8157894736842105	0.0
pot	0.7946428571428572	0.8408037094281298	0.7793103448275862	0.7848101265822784	0.7382753403933434	0.9176882661996497	0.8625180897250362	0.6439628482972136	0.8290155440414508	0.8068669527896996	0.0
efficacité	0.7887700534759359	0.8049792531120332	0.7345971563981042	0.7431693989071038	0.6447638603696099	0.8615384615384616	0.813953488372093	0.6653992395437263	0.7971360381861575	0.7404580152671756	0.7313195548489666	0.0
utilisation	0.8164383561643835	0.7863636363636364	0.7851851851851852	0.7562380038387716	0.7762376237623763	0.8211143695014662	0.7554585152838428	0.8	0.768	0.79296875	0.851063829787234	0.8194726166328601	0.0
sent	0.7867036011080333	0.7785234899328859	0.736842105263158	0.7452471482889733	0.6929460580912863	0.8467966573816156	0.7849686847599164	0.7555555555555555	0.803030303030303	0.7221095334685599	0.7924528301886793	0.7030567685589519	0.7706013363028953	0.0
grasse	0.6518105849582172	0.8360995850622407	0.847385272145144	0.7627627627627628	0.7541322314049587	0.9180327868852459	0.7899686520376176	0.7631318136769079	0.8865323435843054	0.808300395256917	0.7151051625239006	0.7913223140495868	0.8513238289205702	0.8087774294670846	0.0
briller	0.7109375	0.7822878228782288	0.7590361445783133	0.6791808873720137	0.6690518783542039	0.8860759493670887	0.7571428571428571	0.7602523659305993	0.8286852589641435	0.7453625632377741	0.7901234567901234	0.7379679144385027	0.8128342245989305	0.7279549718574109	0.750996015936255	0.0
rapport	0.8045397225725095	0.831758034026465	0.7586206896551724	0.7487179487179487	0.7024029574861368	0.8878718535469108	0.8526315789473684	0.6714285714285715	0.7866666666666666	0.7875647668393783	0.7330316742081449	0.6863905325443787	0.8181818181818181	0.7203219315895373	0.8233009708737864	0.7883683360258481	0.0
douce	0.7064935064935065	0.8107142857142857	0.7619047619047619	0.7234042553191489	0.7244897959183674	0.858974358974359	0.7328519855595668	0.787136294027565	0.8330058939096268	0.7725040916530278	0.8016194331983806	0.7731958762886598	0.7935368043087971	0.711864406779661	0.7195121951219512	0.7191011235955056	0.7961783439490446	0.0
satisfaite	0.8413173652694611	0.7632311977715878	0.7278481012658228	0.7763157894736842	0.7917620137299771	0.8314606741573034	0.7755102040816326	0.7898089171974523	0.7083333333333333	0.7663551401869159	0.8477508650519031	0.7970660146699267	0.725212464589235	0.796875	0.8814655172413793	0.8099173553719008	0.8026905829596412	0.8170731707317074	0.0
protection	0.7841059602649006	0.7800829875518672	0.7242990654205608	0.7328519855595668	0.6586826347305389	0.8571428571428572	0.8114285714285714	0.7018181818181819	0.794392523364486	0.7486033519553073	0.7264150943396226	0.6610526315789473	0.8048289738430583	0.702355460385439	0.8084677419354839	0.743455497382199	0.6911196911196911	0.767402376910017	0.7971360381861575	0.0
prix	0.8486486486486486	0.9163154726068633	0.90125	0.8681253696037847	0.8581818181818182	0.9496221662468514	0.9025702331141662	0.8118445404071561	0.9152542372881356	0.8825622775800712	0.8021327014218009	0.8557275541795666	0.9067796610169492	0.878470080197409	0.7518248175182481	0.8760907504363001	0.8340530536705737	0.8739105171411969	0.9221105527638191	0.8781664656212304	0.0
teintée	0.8202247191011236	0.7591240875912408	0.7651715039577837	0.7836257309941521	0.7975708502024291	0.8369230769230769	0.794701986754967	0.8067542213883677	0.7267441860465116	0.7827868852459017	0.8325358851674641	0.7974137931034483	0.794392523364486	0.772093023255814	0.8511966701352758	0.8044692737430168	0.8071570576540755	0.8066298342541436	0.7758620689655172	0.7688984881209503	0.9134146341463415	0.0
hydratante	0.74	0.8088888888888889	0.7981072555205048	0.7372764786795047	0.6902654867256637	0.8910891089108911	0.7948350071736011	0.6695278969957081	0.8250401284109149	0.768377253814147	0.6963151207115629	0.7207207207207207	0.8243831640058055	0.7657657657657657	0.701949860724234	0.736842105263158	0.7583333333333333	0.7686274509803921	0.8254486133768353	0.72	0.8055235903337169	0.768025078369906	0.0
ridules	0.9123867069486404	0.8825214899713467	0.84	0.8824833702882483	0.8767772511848342	0.8055555555555556	0.870026525198939	0.9113924050632911	0.8561151079136691	0.8925233644859814	0.9051878354203936	0.8797953964194374	0.8620689655172413	0.8821917808219178	0.9304347826086956	0.9033613445378151	0.8990825688073394	0.888421052631579	0.83206106870229	0.875	0.9599499374217773	0.8693009118541033	0.9099836333878887	0.0
couleur	0.7413587604290822	0.8214285714285714	0.7893805309734513	0.7037037037037037	0.6829268292682926	0.8330058939096268	0.8112324492979719	0.7283582089552239	0.8237410071942446	0.7671232876712328	0.7575360419397117	0.7373572593800979	0.803921568627451	0.7495798319327731	0.7675070028011204	0.7382352941176471	0.7598784194528876	0.7386861313868613	0.8473967684021544	0.7198697068403909	0.8504027617951668	0.7729636048526863	0.7300380228136882	0.9070631970260223	0.0
parfait	0.8106508875739645	0.746031746031746	0.7256637168141593	0.7489361702127659	0.7709251101321586	0.795774647887324	0.7469287469287469	0.7951807228915663	0.7358490566037736	0.76	0.8203389830508474	0.7717647058823529	0.743455497382199	0.7286821705426356	0.8565310492505354	0.7607361963190185	0.7974413646055437	0.7611336032388664	0.6868686868686869	0.7610208816705336	0.9195544554455446	0.6971428571428571	0.7922705314009661	0.8413793103448276	0.7803992740471869	0.0
bouchon	0.9719934102141681	0.9424460431654677	0.9184549356223176	0.9511568123393316	0.9558011049723757	0.8979591836734694	0.9523809523809523	0.9526184538653366	0.927536231884058	0.9529085872576177	0.9596774193548387	0.9541284403669725	0.9361702127659575	0.9423728813559322	0.9804822043628014	0.9635036496350365	0.9508196721311475	0.9565217391304348	0.9230769230769231	0.9495548961424333	0.9864077669902913	0.9384615384615385	0.972972972972973	0.9014084507042254	0.9663865546218487	0.9285714285714286	0.0
teinte	0.7516339869281046	0.8242074927953891	0.8201219512195121	0.7329700272479565	0.725212464589235	0.8484848484848485	0.8344733242134063	0.7473404255319149	0.8536209553158706	0.7967914438502673	0.7816901408450705	0.7639484978540773	0.8438818565400844	0.7913043478260869	0.7653239929947461	0.7783505154639175	0.7756756756756756	0.7862595419847328	0.8526645768025078	0.7748251748251749	0.8521165475536009	0.8125	0.7228070175438597	0.9134615384615384	0.648	0.7904761904761904	0.9680851063829787	0.0
pratique	0.7777777777777778	0.795131845841785	0.6950354609929078	0.7197106690777577	0.688588007736944	0.8648648648648649	0.7931034482758621	0.6837294332723949	0.7775175644028103	0.7397769516728625	0.7088607594936709	0.670807453416149	0.7829614604462475	0.7088607594936709	0.8155533399800599	0.7417677642980935	0.6946564885496183	0.7572156196943973	0.7828162291169452	0.6515463917525773	0.864963503649635	0.7796610169491526	0.7317784256559767	0.8796068796068797	0.7266881028938907	0.7441860465116279	0.9411764705882353	0.7800829875518672	0.0
jours	0.7569721115537849	0.7855711422845691	0.72686230248307	0.6980108499095841	0.7030075187969924	0.8633093525179856	0.7606177606177607	0.7593220338983051	0.7891156462585034	0.7269372693726937	0.7912408759124088	0.7613636363636364	0.7433264887063655	0.697286012526096	0.7939698492462312	0.7231833910034602	0.7853403141361257	0.7303754266211604	0.7630331753554502	0.7457627118644068	0.8821428571428571	0.7542372881355932	0.74	0.8883610451306413	0.74375	0.7102803738317758	0.9491525423728814	0.7531380753138075	0.72	0.0
lisse	0.774468085106383	0.7808219178082192	0.731958762886598	0.7244094488188977	0.7231404958677685	0.7964071856287425	0.7219730941704036	0.8086642599277978	0.8	0.7540322580645161	0.8387096774193549	0.7643312101910829	0.75	0.7132867132867133	0.8050847457627118	0.7551401869158878	0.8226415094339623	0.6613545816733069	0.7804878048780488	0.7727272727272727	0.904126213592233	0.7596153846153846	0.791044776119403	0.8352941176470589	0.7465753424657534	0.7096774193548387	0.9473684210526316	0.806966618287373	0.7679671457905544	0.7484662576687117	0.0
brillance	0.8623853211009174	0.7787610619469026	0.7641196013289037	0.8081264108352144	0.8057553956834532	0.8200836820083682	0.8095238095238095	0.8387096774193549	0.7741935483870968	0.8282352941176471	0.8663101604278075	0.8184143222506394	0.8169014084507042	0.8066298342541436	0.8837209302325582	0.794701986754967	0.8466819221967963	0.8329809725158562	0.75	0.8267326732673268	0.9449311639549437	0.8	0.859504132231405	0.8103448275862069	0.8431001890359169	0.6956521739130435	0.9156626506024097	0.8566775244299674	0.8206388206388207	0.8029197080291971	0.8034188034188035	0.0
couvrant	0.8895800933125972	0.8111455108359134	0.8	0.8551724137931034	0.8387096774193549	0.7884615384615384	0.8365650969529086	0.8590604026845637	0.78125	0.8211586901763224	0.8921389396709324	0.8355795148247979	0.8109756097560976	0.8106508875739645	0.9121245828698554	0.8634361233480177	0.8523002421307506	0.84	0.7654320987654322	0.8315789473684211	0.9485714285714286	0.7759197324414716	0.8581314878892734	0.839622641509434	0.8383233532934131	0.75	0.8970588235294118	0.8781302170283807	0.8341968911917098	0.830379746835443	0.7774294670846396	0.7837837837837838	0.0
couvrance	0.8247422680412371	0.7453083109919572	0.7207207207207207	0.7695560253699789	0.7760532150776054	0.7555555555555555	0.7855421686746988	0.8072289156626506	0.7468354430379747	0.7595505617977528	0.8403361344537815	0.762589928057554	0.7846153846153846	0.7538461538461538	0.8605150214592274	0.7804878048780488	0.7948164146868251	0.7831325301204819	0.7326732673267327	0.7777777777777778	0.9219330855018587	0.6956521739130435	0.8057784911717496	0.8501742160278746	0.75046904315197	0.6601941747572815	0.9363636363636364	0.807570977917981	0.7667436489607391	0.7647058823529411	0.7292225201072386	0.7311827956989247	0.7142857142857143	0.0
sensible	0.6981919332406119	0.7904191616766467	0.8225469728601252	0.754325259515571	0.783068783068783	0.8847058823529412	0.6871165644171779	0.8078175895765473	0.8026905829596412	0.7744227353463589	0.8354430379746836	0.8194945848375451	0.7636363636363637	0.7883495145631068	0.7829614604462475	0.7861842105263158	0.8495867768595041	0.7015706806282722	0.7746478873239436	0.8212389380530973	0.9017543859649123	0.8073022312373225	0.8081081081081081	0.8883610451306413	0.8124076809453471	0.7397260273972603	0.9550561797752809	0.8158940397350993	0.8042704626334519	0.7586206896551724	0.7535641547861507	0.8058252427184466	0.8478802992518704	0.8	0.0
qualité	0.8	0.8180112570356473	0.759493670886076	0.7411167512690355	0.6850828729281768	0.8758465011286681	0.8295254833040422	0.6548042704626335	0.8076923076923077	0.766839378238342	0.741506646971935	0.6705882352941177	0.8045112781954887	0.7065868263473054	0.8208092485549133	0.7669902912621359	0.503118503118503	0.7751196172248804	0.78125	0.6956521739130435	0.8222910216718267	0.816247582205029	0.7381615598885793	0.8968609865470852	0.7492447129909365	0.774468085106383	0.9578947368421052	0.7611336032388664	0.696629213483146	0.7557117750439367	0.7977315689981097	0.8430493273542601	0.8618266978922717	0.8	0.821963394342762	0.0
boutons	0.726530612244898	0.8335451080050826	0.8412698412698413	0.7566265060240964	0.7475	0.9173553719008265	0.8222222222222222	0.7958477508650519	0.8613728129205922	0.788391777509069	0.8125	0.8014888337468983	0.807741935483871	0.8015364916773368	0.7717303005686433	0.7470167064439142	0.822429906542056	0.7945205479452055	0.8622100954979536	0.7955665024630542	0.8540031397174255	0.8564167725540025	0.7890466531440162	0.9256198347107438	0.7803278688524591	0.8292682926829268	0.9775784753363229	0.794	0.8014616321559074	0.7596513075965131	0.8092783505154639	0.8707865168539326	0.8895265423242468	0.8544726301735648	0.817102137767221	0.8042203985932005	0.0
pique	0.9672131147540983	0.9473684210526316	0.9382716049382716	0.9518987341772152	0.9508196721311475	0.9090909090909091	0.9299363057324841	0.9533169533169533	0.9395348837209302	0.9508196721311475	0.9724409448818898	0.954954954954955	0.9448275862068966	0.9470198675496688	0.9782857142857143	0.9565217391304348	0.9627659574468085	0.9645390070921985	0.914572864321608	0.962536023054755	0.9864603481624759	0.959409594095941	0.9658886894075404	0.9054054054054054	0.966804979253112	0.935064935064935	0.8421052631578947	0.9738219895287958	0.9542857142857143	0.95	0.9448275862068966	0.9122807017543859	0.9090909090909091	0.9380530973451328	0.947075208913649	0.9558441558441558	0.9701492537313433	0.0
hydratée	0.8308157099697885	0.8407310704960835	0.8279883381924198	0.8202959830866807	0.8187919463087249	0.8181818181818181	0.7628865979381443	0.8622754491017964	0.819047619047619	0.8266666666666667	0.8730964467005076	0.8341232227488151	0.7704918032786885	0.8062015503875969	0.8655737704918033	0.8099173553719008	0.892116182572614	0.7347826086956522	0.8118811881188119	0.8545454545454545	0.9328358208955224	0.8264462809917356	0.8405797101449275	0.8275862068965517	0.8348457350272233	0.7579617834394905	0.9230769230769231	0.8526645768025078	0.8302752293577982	0.7944572748267898	0.7106017191977078	0.8	0.7603305785123967	0.8148148148148149	0.7916666666666666	0.8695652173913043	0.8637602179836512	0.9306930693069306	0.0
hydratant	0.777292576419214	0.7651331719128329	0.6927374301675977	0.6945606694560669	0.7086956521739131	0.8404907975460123	0.7920353982300885	0.7020408163265306	0.7833333333333333	0.7142857142857143	0.7779632721202003	0.6745843230403801	0.7684964200477327	0.6666666666666667	0.8230277185501066	0.7236580516898609	0.720682302771855	0.734375	0.7396449704142012	0.6986301369863014	0.8952262864228147	0.731958762886598	0.7484076433121019	0.8518518518518519	0.7469026548672566	0.6934097421203438	0.9384615384615385	0.7760736196319018	0.6788990825688073	0.7076923076923076	0.7445255474452555	0.750788643533123	0.7920792079207921	0.728813559322034	0.7901234567901234	0.7088607594936709	0.8	0.9398496240601504	0.8100558659217877	0.0
résultat	0.8471615720524017	0.836272040302267	0.8135593220338984	0.8172484599589322	0.8026315789473684	0.8043478260869565	0.7703703703703704	0.8333333333333334	0.7850467289719626	0.8078602620087336	0.8675496688741722	0.8221709006928406	0.7716535433070866	0.8059701492537313	0.88016967126193	0.812	0.8571428571428572	0.8165680473372781	0.7806451612903226	0.8322147651006712	0.9229813664596274	0.8032345013477089	0.8414442700156985	0.8303249097472925	0.8214285714285714	0.7446153846153847	0.9295774647887324	0.8567073170731707	0.8	0.7919463087248322	0.774869109947644	0.7958477508650519	0.7578125	0.8035714285714286	0.8131868131868132	0.8371134020618557	0.8624833110814419	0.9216589861751152	0.7272727272727273	0.8032345013477089	0.0
efficace	0.8211143695014662	0.7526315789473684	0.7218934911242604	0.7775467775467775	0.7516778523489933	0.8287671232876712	0.7681159420289855	0.7679671457905544	0.6990291262135923	0.7572383073496659	0.802065404475043	0.7142857142857143	0.7467362924281984	0.7086614173228347	0.8478964401294499	0.7952286282306162	0.7658643326039387	0.7433264887063655	0.7171052631578947	0.7610208816705336	0.9067000626174077	0.7226890756302521	0.7903225806451613	0.8292682926829268	0.7803992740471869	0.6495176848874598	0.9237668161434978	0.8276923076923077	0.7441860465116279	0.7539503386004515	0.7234042553191489	0.7412587412587412	0.7547169811320755	0.6981132075471699	0.7595505617977528	0.7586206896551724	0.8418230563002681	0.9396551724137931	0.7539936102236422	0.708215297450425	0.7446153846153847	0.0
tient	0.7753530166880616	0.7930367504835589	0.7456896551724138	0.7275862068965517	0.6488549618320612	0.8584686774941995	0.831858407079646	0.717948717948718	0.8378947368421052	0.7578947368421053	0.7595307917888563	0.6797642436149313	0.8202247191011236	0.7287128712871287	0.7807807807807807	0.7357859531772575	0.7340425531914894	0.7609756097560976	0.8157894736842105	0.6946564885496183	0.8687350835322196	0.8070866141732284	0.7447698744769875	0.8827586206896552	0.7236024844720497	0.7662337662337663	0.96	0.7403314917127072	0.7198515769944341	0.7464285714285714	0.7671232876712328	0.8028169014084507	0.8321167883211679	0.7712418300653595	0.8101694915254237	0.7240773286467487	0.7827130852340937	0.9551451187335093	0.8311688311688312	0.7051282051282051	0.8494845360824742	0.7794432548179872	0.0
naturel	0.7881773399014779	0.8	0.7636363636363637	0.7552674230145867	0.7427597955706985	0.84	0.8225255972696246	0.7716535433070866	0.8122448979591836	0.77	0.8081632653061225	0.7640845070422535	0.8129496402877698	0.7320754716981133	0.8034515819750719	0.7737909516380655	0.7722772277227723	0.7547169811320755	0.8100208768267223	0.7539267015706806	0.8782760629004077	0.760233918128655	0.7682119205298014	0.8927038626609443	0.7283582089552239	0.7394957983193278	0.9578163771712159	0.744	0.7390542907180385	0.7465753424657534	0.75	0.8362068965517242	0.8167053364269141	0.7676348547717842	0.8343949044585988	0.7707317073170732	0.7958477508650519	0.9660194174757282	0.8319672131147541	0.7073170731707317	0.8073022312373225	0.7730061349693251	0.75	0.0
camoufle	0.8949771689497716	0.8108108108108107	0.7918088737201365	0.8409090909090909	0.8206388206388207	0.8	0.8355795148247979	0.8502202643171806	0.791044776119403	0.8292682926829268	0.8884892086330936	0.8467532467532468	0.8106508875739645	0.8103448275862069	0.9168490153172867	0.8571428571428572	0.8644859813084113	0.8565310492505354	0.7716535433070866	0.8542713567839196	0.9529190207156308	0.822429906542056	0.8781302170283807	0.832579185520362	0.8576923076923078	0.7518248175182481	0.8904109589041096	0.8768472906403941	0.845	0.8325123152709359	0.7854984894259819	0.7466666666666666	0.7524752475247525	0.736842105263158	0.8467153284671532	0.8604118993135011	0.8819345661450925	0.9019607843137255	0.7859922178988327	0.7961783439490446	0.8214285714285714	0.7785714285714286	0.8201438848920863	0.8295964125560538	0.0
odeur	0.8447552447552448	0.9313432835820895	0.9194458696767573	0.8835143139190523	0.8710166919575114	0.948905109489051	0.9003021148036254	0.866965620328849	0.9370199692780338	0.9004926108374385	0.8376655223148602	0.8920282542885973	0.9175879396984925	0.8937691521961185	0.7416245984396512	0.8883471477328133	0.9002457002457003	0.8547094188376754	0.9458631256384066	0.892678034102307	0.6220789685737309	0.9121552604698672	0.8278529980657641	0.9612403100775194	0.856167723061921	0.92173017507724	0.9889064976228209	0.8622139187295657	0.8907815631262526	0.89198606271777	0.8982097186700767	0.9520865533230294	0.9535248041775457	0.9248197734294542	0.903448275862069	0.8905325443786982	0.8745011086474501	0.9915966386554622	0.9300155520995335	0.9076923076923077	0.9372128637059725	0.9200618875709128	0.8907563025210083	0.8798029556650246	0.9570615623383342	0.0
taches	0.9739413680781759	0.9655172413793104	0.9554655870445344	0.9752475247524752	0.9732620320855615	0.95	0.962962962962963	0.9808612440191388	0.9683257918552036	0.9732620320855615	0.98046875	0.9734513274336283	0.9696969696969697	0.9675324675324676	0.9817767653758542	0.976303317535545	0.9763779527559056	0.9837587006960556	0.9714285714285714	0.9714285714285714	0.9910141206675225	0.9632352941176471	0.9769094138543517	0.9681528662420382	0.9753086419753086	0.9707112970711297	0.935483870967742	0.9862068965517241	0.9747899159663865	0.9700272479564033	0.9662162162162162	0.9608938547486033	0.9459459459459459	0.9519650655021834	0.9811320754716981	0.9770992366412213	0.9792899408284024	0.9411764705882353	0.9565217391304348	0.9632352941176471	0.9646017699115044	0.9620253164556962	0.9714285714285714	0.9759615384615384	0.95	0.9926547743966422	0.0
facile	0.7983870967741935	0.8126315789473684	0.7360774818401937	0.7536764705882353	0.7562380038387716	0.8449197860962567	0.8071570576540755	0.7787610619469026	0.8	0.7490347490347491	0.8	0.7535641547861507	0.8025210084033614	0.6891891891891893	0.808641975308642	0.7345454545454546	0.7977941176470589	0.7119266055045872	0.8029925187032418	0.7469879518072289	0.8959711365003007	0.7674943566591422	0.784370477568741	0.8877284595300261	0.744645799011532	0.7530562347188264	0.9490445859872612	0.7914893617021277	0.7272727272727273	0.7287128712871287	0.7361419068736141	0.8095238095238095	0.8235294117647058	0.743142144638404	0.8133086876155268	0.7779816513761468	0.8149068322981367	0.9565217391304348	0.8059701492537313	0.6968973747016707	0.8337236533957846	0.7469287469287469	0.7570621468926554	0.7362637362637363	0.8355795148247979	0.8845760980592441	0.9787234042553191	0.0
imperfections	0.7682539682539682	0.8085714285714286	0.8161434977578476	0.732620320855615	0.6714905933429811	0.8874801901743264	0.8179347826086957	0.72	0.8609865470852018	0.7776298268974701	0.7749419953596288	0.7327586206896552	0.83008356545961	0.7845934379457917	0.7528384279475983	0.7372549019607844	0.7663551401869159	0.778894472361809	0.8461538461538461	0.7617728531855956	0.8403083700440529	0.8087591240875912	0.7167630057803468	0.9107981220657277	0.7259259259259259	0.8	0.9690721649484536	0.7463687150837989	0.772169167803547	0.7791164658634538	0.782608695652174	0.8516746411483254	0.8651315789473684	0.8018575851393188	0.8292682926829268	0.7635402906208719	0.7510204081632653	0.9658703071672355	0.8532110091743119	0.7503828483920367	0.8502994011976048	0.8145896656534954	0.7172413793103448	0.706199460916442	0.8453947368421053	0.845719661335842	0.9746192893401016	0.8114754098360656	0.0
agréable	0.7955223880597015	0.8902333621434745	0.8719346049046321	0.8162574089754445	0.7989464442493415	0.9243697478991597	0.8471615720524017	0.7948717948717949	0.8991825613079019	0.8513853904282116	0.7574257425742574	0.8284960422163589	0.8733624454148472	0.8343777976723366	0.6281957633308985	0.8287841191066998	0.8385460693153001	0.7825342465753424	0.9000916590284143	0.8210526315789474	0.7142857142857143	0.868632707774799	0.7439613526570048	0.943778801843318	0.7882256745707277	0.8705234159779615	0.9825581395348837	0.8045627376425856	0.828125	0.834901625320787	0.8409703504043127	0.9176688251618872	0.9255419415645617	0.8708487084870848	0.8659450457951707	0.8352941176470589	0.8293706293706293	0.9846153846153847	0.8847583643122676	0.8469945355191257	0.8987341772151899	0.8746569075937786	0.8275276125743416	0.827930174563591	0.9313543599257885	0.6256507335541883	0.9894736842105263	0.8010899182561309	0.788109756097561	0.0
flacon	0.8186528497409327	0.8194726166328601	0.75	0.7724867724867726	0.6863905325443787	0.8721804511278195	0.8534322820037106	0.7173913043478262	0.8329519450800915	0.7890909090909091	0.7258320126782885	0.6595744680851063	0.8356435643564356	0.7447698744769875	0.814516129032258	0.7815699658703071	0.7272727272727273	0.7979966611018364	0.8199052132701422	0.6951219512195121	0.883132530120482	0.8225469728601252	0.7601156069364162	0.8982630272952854	0.7599364069952306	0.8054298642533937	0.9454545454545454	0.7694483734087695	0.6386554621848739	0.7777777777777778	0.8073022312373225	0.8329177057356608	0.8473684210526315	0.7972350230414746	0.8461538461538461	0.7214953271028037	0.8373205741626795	0.9618768328445748	0.8525345622119815	0.7297297297297297	0.8758169934640523	0.8	0.7061068702290076	0.7835051546391752	0.8578680203045685	0.8951329653788259	0.9798270893371758	0.7387755102040816	0.7835616438356164	0.8405545927209706	0.0
acheté	0.8409090909090909	0.8146341463414635	0.7386363636363636	0.8	0.8391038696537678	0.854368932038835	0.8425720620842572	0.802348336594912	0.7894736842105263	0.8100208768267223	0.854368932038835	0.8315098468271335	0.8058252427184466	0.8333333333333334	0.8865979381443299	0.8491620111731844	0.8220858895705522	0.850828729281768	0.7781155015197568	0.8130434782608695	0.9208103130755064	0.7969151670951157	0.8524096385542168	0.8774193548387097	0.8523489932885906	0.7727272727272727	0.9322033898305084	0.8343373493975903	0.7733333333333333	0.7948717948717949	0.8257756563245824	0.7843137254901961	0.8125	0.7723342939481268	0.8225469728601252	0.8425196850393701	0.8458498023715415	0.9426229508196722	0.864406779661017	0.7844155844155845	0.8429752066115702	0.7830985915492958	0.8406374501992032	0.8365019011406845	0.823920265780731	0.9485771342985522	0.9721115537848606	0.8451327433628318	0.8604316546762589	0.9190600522193212	0.8461538461538461	0.0
brille	0.7395683453237409	0.7647058823529411	0.7208121827411167	0.7033398821218075	0.6708860759493671	0.8657534246575342	0.7320261437908497	0.7624309392265194	0.7877237851662404	0.7374749498997997	0.8148148148148149	0.7494736842105263	0.7787610619469026	0.7064220183486238	0.7923728813559322	0.6574257425742573	0.7954545454545454	0.6971428571428571	0.768	0.763265306122449	0.8961748633879781	0.7749419953596288	0.7657657657657657	0.8729281767955801	0.7303754266211604	0.7018469656992085	0.9494949494949495	0.7807017543859649	0.7484662576687117	0.6779661016949152	0.6888361045130642	0.7142857142857143	0.8211143695014662	0.7277486910994764	0.7594433399602386	0.7727272727272727	0.7716535433070866	0.9435215946843853	0.7547169811320755	0.693069306930693	0.7723785166240409	0.7575757575757576	0.7082494969818913	0.7486033519553073	0.8	0.9016227180527383	0.9641693811074918	0.7320261437908497	0.759825327510917	0.8406055209260909	0.7878787878787878	0.8169014084507042	0.0
hydratation	0.7444933920704846	0.8243831640058055	0.7886435331230284	0.7076923076923076	0.6891495601173021	0.87	0.7809798270893371	0.7036011080332409	0.8486739469578783	0.7869742198100407	0.7002518891687657	0.7345132743362832	0.8104956268221575	0.764179104477612	0.6653992395437263	0.7355704697986577	0.7671232876712328	0.7393617021276595	0.8421052631578947	0.7391304347826086	0.8096054888507719	0.8036253776435045	0.6322418136020151	0.9090909090909091	0.709346991037132	0.8094488188976378	0.9695885509838998	0.7291666666666667	0.7467811158798283	0.7545582047685835	0.7484662576687117	0.8514851485148515	0.8825503355704698	0.8226059654631084	0.7983761840324763	0.7523939808481532	0.7939698492462312	0.9680851063829787	0.8365384615384616	0.750788643533123	0.848297213622291	0.7961783439490446	0.7451523545706371	0.7684210526315789	0.8885245901639345	0.8099902056807051	0.9771528998242531	0.7595307917888563	0.71280276816609	0.7100494233937398	0.7621776504297995	0.8722466960352423	0.7567567567567568	0.0
tube	0.7830802603036876	0.8471615720524017	0.7520798668885191	0.7690217391304348	0.7304347826086957	0.9018302828618968	0.8419580419580419	0.6339285714285714	0.8177339901477833	0.7917241379310345	0.6278755074424899	0.7136294027565084	0.8160237388724035	0.8035450516986706	0.755834829443447	0.792156862745098	0.7417974322396577	0.8092189500640204	0.8316831683168316	0.7452135493372607	0.7993019197207679	0.821917808219178	0.6895705521472393	0.9154228855721394	0.7436548223350254	0.8267090620031796	0.9589552238805971	0.7643020594965675	0.6718266253869969	0.7589158345221113	0.8247422680412371	0.87	0.8730434782608696	0.8362480127186009	0.8384512683578105	0.7461430575035063	0.806060606060606	0.967032967032967	0.8653846153846154	0.7714285714285715	0.8566929133858268	0.8038897893030794	0.7666666666666666	0.7952755905511811	0.8926174496644296	0.8525214081826832	0.9801084990958409	0.793002915451895	0.7607223476297968	0.7801418439716312	0.7103658536585367	0.8317757009345794	0.8123167155425219	0.6950182260024301	0.0
sensation	0.8496551724137931	0.8251748251748252	0.8031088082901554	0.8183556405353729	0.8097165991902834	0.8076923076923077	0.7528868360277137	0.8607594936708861	0.819672131147541	0.8192771084337349	0.8847926267281105	0.8179871520342612	0.7530562347188264	0.7630331753554502	0.8478488982161595	0.8222222222222222	0.8620689655172413	0.7677543186180422	0.8235294117647058	0.8126315789473684	0.9216757741347905	0.8428571428571429	0.835820895522388	0.85625	0.8260869565217391	0.8	0.9411764705882353	0.8620689655172413	0.8223140495867769	0.8	0.7560975609756098	0.8145896656534954	0.8	0.8032345013477089	0.8122448979591836	0.8587570621468926	0.8419689119170984	0.9384615384615385	0.7719298245614035	0.8	0.7933884297520661	0.7771739130434783	0.8212180746561886	0.8246268656716418	0.8411214953271028	0.9157733537519143	0.9777777777777777	0.7946428571428572	0.8526912181303117	0.8739946380697051	0.8518518518518519	0.8478802992518704	0.7944572748267898	0.8233532934131736	0.8788321167883212	0.0
solaire	0.8789237668161435	0.8034188034188035	0.7766990291262136	0.8237885462555066	0.8085106382978724	0.7796610169491526	0.8031496062992126	0.8505263157894737	0.7571428571428571	0.8169014084507042	0.869718309859155	0.835820895522388	0.7966101694915254	0.8162162162162162	0.8978260869565218	0.85	0.8302752293577982	0.8518518518518519	0.7781818181818182	0.7335092348284961	0.9425	0.7854984894259819	0.8571428571428572	0.810126582278481	0.8513011152416357	0.7676767676767677	0.9058823529411765	0.8832807570977919	0.8088235294117647	0.8057553956834532	0.8296703296703296	0.7857142857142857	0.7454545454545455	0.7755102040816326	0.8391608391608392	0.8577680525164114	0.8934426229508197	0.9273743016759777	0.8042704626334519	0.7891566265060241	0.7918088737201365	0.7551020408163265	0.8456375838926175	0.8407643312101911	0.8099173553719008	0.9457364341085271	0.945054945054945	0.8186528497409327	0.8778979907264297	0.9080779944289694	0.8353808353808354	0.81875	0.8351063829787234	0.8622366288492707	0.8731466227347611	0.7926829268292683	0.0
grasses	0.8243831640058055	0.5321100917431192	0.7967032967032968	0.795131845841785	0.8076109936575053	0.84	0.794392523364486	0.8255813953488372	0.7710843373493976	0.802547770700637	0.8585365853658536	0.8161434977578476	0.7940446650124069	0.7971014492753623	0.8537886872998932	0.7833001988071571	0.8438133874239351	0.8138195777351247	0.750788643533123	0.7973273942093542	0.9330085261875761	0.7842105263157895	0.8351309707241911	0.8675496688741722	0.8310344827586207	0.7470588235294118	0.9396551724137931	0.853731343283582	0.8026315789473684	0.8051391862955032	0.7727272727272727	0.7379310344827585	0.7737226277372262	0.7537091988130564	0.8	0.8336673346693386	0.847682119205298	0.9322033898305084	0.8214285714285714	0.7745358090185677	0.8205128205128205	0.7543859649122807	0.7899159663865546	0.8278529980657641	0.7832167832167832	0.9425981873111783	0.975609756097561	0.8165137614678899	0.8441176470588235	0.9061946902654867	0.8237885462555066	0.7933884297520661	0.78239608801956	0.8506787330316742	0.8641221374045802	0.8031496062992126	0.7922077922077921	0.0
rides	0.9099099099099099	0.8653295128939829	0.8469055374592833	0.8741721854304636	0.8705882352941177	0.8266666666666667	0.8449197860962567	0.8676789587852495	0.8260869565217391	0.8652482269503546	0.8983957219251337	0.8586118251928021	0.8414985590778098	0.85	0.920392584514722	0.8860759493670887	0.8904109589041096	0.8757894736842106	0.835820895522388	0.8768472906403941	0.9522613065326633	0.8648648648648649	0.898360655737705	0.7536231884057971	0.8938547486033519	0.840677966101695	0.8979591836734694	0.9056	0.8759124087591241	0.855072463768116	0.8245614035087719	0.7896995708154506	0.8169014084507042	0.8373702422145328	0.8687350835322196	0.8707482993197279	0.9022346368715084	0.9090909090909091	0.8136882129277566	0.8260869565217391	0.8172043010752688	0.8125	0.8843537414965986	0.8676789587852495	0.8266666666666667	0.9597523219814241	0.9299363057324841	0.8808290155440415	0.8979591836734694	0.9362880886426592	0.8970588235294118	0.8506493506493507	0.8467966573816156	0.8993506493506493	0.9018302828618968	0.8553846153846154	0.8148148148148149	0.8552631578947368	0.0
uv	0.849925705794948	0.7492957746478873	0.7238095238095238	0.7922077922077921	0.7692307692307692	0.8091603053435115	0.7755102040816326	0.8100208768267223	0.7516778523489933	0.7605633802816901	0.84375	0.7821782178217822	0.773841961852861	0.7547169811320755	0.8826695371367062	0.8	0.8026905829596412	0.8024691358024691	0.736842105263158	0.6875	0.9308411214953272	0.7359050445103857	0.8254486133768353	0.83206106870229	0.8133086876155268	0.6868686868686869	0.9230769230769231	0.8417721518987342	0.7651331719128329	0.7717647058823529	0.7430167597765363	0.7404580152671756	0.7603305785123967	0.7070707070707071	0.7972350230414746	0.794701986754967	0.8668478260869565	0.9306930693069306	0.7796610169491526	0.7129909365558913	0.7884615384615384	0.7	0.781038374717833	0.7846481876332623	0.7619047619047619	0.9382716049382716	0.9514563106796117	0.7755102040816326	0.8443759630200308	0.8980716253443526	0.8114558472553699	0.7706422018348624	0.7547169811320755	0.8365384615384616	0.8450244698205547	0.7896253602305475	0.656	0.7586206896551724	0.8270676691729324	0.0
pompe	0.8032564450474898	0.7973856209150327	0.7153652392947103	0.7386363636363636	0.7228915662650602	0.8679245283018868	0.8192771084337349	0.7397769516728625	0.8029925187032418	0.7674418604651163	0.7475728155339806	0.7041036717062634	0.7974137931034483	0.7276785714285714	0.8412537917087968	0.7449541284403669	0.7387033398821219	0.7809187279151943	0.7938144329896908	0.7033898305084746	0.8905109489051095	0.7918552036199095	0.780559646539028	0.896	0.7644151565074135	0.7764127764127764	0.9328859060402684	0.7948350071736011	0.6327433628318584	0.7549407114624506	0.7922077922077921	0.8194070080862533	0.8208092485549133	0.7761194029850746	0.8268156424581006	0.744721689059501	0.8210262828535669	0.9514563106796117	0.8472906403940886	0.697560975609756	0.851063829787234	0.7794117647058824	0.741747572815534	0.7582417582417582	0.8461538461538461	0.9101856497742098	0.9714285714285714	0.7217391304347827	0.7966339410939691	0.8536371603856266	0.5397590361445783	0.8194444444444444	0.7527352297592997	0.7947976878612717	0.7348837209302326	0.831858407079646	0.8253968253968254	0.8	0.8829787234042553	0.7875647668393783	0.0
peaux	0.7532467532467533	0.7842741935483871	0.866601752677702	0.7800369685767098	0.7921348314606742	0.918429003021148	0.8552995391705069	0.7678075855689177	0.8947368421052632	0.8315217391304348	0.7473684210526316	0.8203198494825964	0.8725581395348837	0.847457627118644	0.655713218820015	0.8085485307212823	0.8376681614349776	0.8393782383419689	0.893491124260355	0.8245125348189415	0.7653213751868461	0.8421052631578947	0.702276707530648	0.9330669330669331	0.7865168539325843	0.8605341246290801	0.9811320754716981	0.7683429513602638	0.8211306765523633	0.8220183486238533	0.8630393996247655	0.9069069069069069	0.9185336048879837	0.8675889328063241	0.8576512455516014	0.8237410071942446	0.8133828996282528	0.9737670514165793	0.904296875	0.8341511285574092	0.8932038834951457	0.8727984344422701	0.8065994500458296	0.8191489361702128	0.9107505070993915	0.793854033290653	0.9865284974093265	0.8478664192949907	0.7727272727272727	0.7218241042345277	0.8344125809435707	0.8966824644549763	0.849624060150376	0.7411167512690355	0.7688442211055276	0.8994413407821229	0.9128712871287129	0.8291203235591507	0.9345238095238095	0.8857994041708044	0.848314606741573	0.0
pores	0.9090909090909091	0.8662790697674418	0.8881789137380192	0.88	0.8687350835322196	0.832579185520362	0.8818897637795275	0.9182389937106918	0.8842105263157894	0.8767772511848342	0.9300699300699301	0.8939393939393939	0.8488372093023255	0.8698060941828255	0.9292709466811752	0.8701298701298701	0.9213483146067416	0.8717948717948718	0.862453531598513	0.8916256157635468	0.9586466165413534	0.8961424332344213	0.9099836333878887	0.8545454545454545	0.888468809073724	0.8373702422145328	0.9014084507042254	0.9152	0.9064748201438849	0.9014084507042254	0.8214285714285714	0.8780487804878049	0.8115942028985508	0.833922261484099	0.9039812646370023	0.9042316258351893	0.8951841359773371	0.9054054054054054	0.83206106870229	0.8862275449101796	0.8260869565217391	0.8493150684931507	0.875	0.8782608695652174	0.832579185520362	0.963383187209902	0.9548387096774194	0.890625	0.8969889064976229	0.9428044280442804	0.9249394673123487	0.9325153374233128	0.8409090909090909	0.9161290322580645	0.9243421052631579	0.8490566037735849	0.8489795918367347	0.8561872909698997	0.8533333333333333	0.8539325842696629	0.9047619047619048	0.9373134328358209	0.0
mine	0.8061538461538462	0.8464730290456431	0.8249258160237389	0.781491002570694	0.7142857142857143	0.8677419354838709	0.8415446071904128	0.7385019710906702	0.8660714285714286	0.8046875	0.772093023255814	0.7381974248927039	0.8477366255144033	0.7966101694915254	0.7753001715265866	0.8	0.7613941018766757	0.8088235294117647	0.8567073170731707	0.7531380753138075	0.8572978838849702	0.8208092485549133	0.7414965986394557	0.9175738724727838	0.7414634146341463	0.8	0.9743589743589743	0.7293318233295583	0.7637362637362637	0.7888446215139442	0.8068181818181819	0.8571428571428572	0.8762214983713354	0.8018575851393188	0.8557089084065245	0.7586206896551724	0.7845084409136047	0.9746192893401016	0.8888888888888888	0.7820895522388059	0.8689248895434463	0.8253012048192772	0.7415426251691475	0.736842105263158	0.8803827751196173	0.8424528301886792	0.9780775716694773	0.8130968622100955	0.7133182844243793	0.789032749428789	0.7717842323651453	0.8653295128939829	0.7863247863247863	0.7142857142857143	0.753688989784336	0.8575458392101551	0.8744186046511628	0.8625180897250362	0.9048361934477379	0.8549618320610687	0.7983193277310925	0.7932960893854748	0.9158878504672897	0.0
belle	0.817910447761194	0.8153846153846154	0.7931034482758621	0.7822410147991543	0.78125	0.7956204379562044	0.7295918367346939	0.8240000000000001	0.7658227848101266	0.8026315789473684	0.8542713567839196	0.813953488372093	0.738544474393531	0.7878787878787878	0.8657357679914071	0.7852760736196319	0.8547717842323651	0.7577639751552795	0.756578947368421	0.8269662921348315	0.9236499068901304	0.7835616438356164	0.8267090620031796	0.8387096774193549	0.7956204379562044	0.7006369426751593	0.9295774647887324	0.8207547169811321	0.8134831460674157	0.7699316628701595	0.6963788300835654	0.7703180212014135	0.7626459143968871	0.7818181818181819	0.7755102040816326	0.825	0.8470906630581867	0.9216589861751152	0.6643109540636043	0.7934782608695652	0.7348242811501597	0.736842105263158	0.8350730688935282	0.8216432865731462	0.7867647058823529	0.9256965944272446	0.9506726457399103	0.8028846153846154	0.834597875569044	0.8825688073394495	0.8584070796460177	0.8101983002832861	0.7564766839378239	0.8115015974440895	0.8384	0.7696629213483146	0.8	0.7965116279069767	0.8086642599277978	0.7687296416938111	0.8317307692307692	0.8910505836575875	0.8345323741007195	0.852017937219731	0.0
effet	0.8	0.9094514210178454	0.8956043956043956	0.8402366863905325	0.8291694800810263	0.9309859154929577	0.8699731903485255	0.8284960422163589	0.9162087912087912	0.8674069235793599	0.8015364916773368	0.8464673913043479	0.8848484848484849	0.8706838185511171	0.6892523364485981	0.8495803744351195	0.8693957115009747	0.8267716535433071	0.9147609147609148	0.8645418326693227	0.7099337748344371	0.8837209302325582	0.7748091603053435	0.9478079331941545	0.8229299363057325	0.8870292887029289	0.9856733524355301	0.8211678832116789	0.8665785997357992	0.8518272425249169	0.8641975308641976	0.9258741258741259	0.9364406779661016	0.894297635605007	0.8779220779220779	0.8608582574772432	0.8146426496223126	0.9842857142857143	0.91701244813278	0.8674531575294934	0.9105914718019257	0.8947368421052632	0.8528252299605782	0.8167888074616922	0.9317382125263899	0.6930455635491607	0.9900568181818182	0.8646464646464647	0.7835820895522388	0.6329545454545454	0.871523178807947	0.9251336898395722	0.8637602179836512	0.7478937135450421	0.8097014925373134	0.9035738368172623	0.9299097848716169	0.9204851752021563	0.9399441340782123	0.92	0.8877076411960133	0.7395776935571197	0.947075208913649	0.7429305912596401	0.9053213545266068	0.0
jour	0.7553551296505073	0.8110599078341014	0.7697478991596639	0.752808988764045	0.749271137026239	0.8873483535528597	0.8017751479289941	0.7534626038781164	0.797945205479452	0.7400881057268722	0.7853658536585366	0.7767857142857143	0.803680981595092	0.7625	0.7947136563876652	0.757201646090535	0.7779349363507779	0.77088948787062	0.8020833333333334	0.7626112759643917	0.8434143583945732	0.7315436241610738	0.6590038314176245	0.9015544041450777	0.7554417413572343	0.7837837837837838	0.9694656488549618	0.7793103448275862	0.7406296851574212	0.7110438729198185	0.7962962962962963	0.8461538461538461	0.8419117647058824	0.8119800332778702	0.8050490883590463	0.7679324894514767	0.7836990595611285	0.9639468690702088	0.8613861386138614	0.7378964941569282	0.8200000000000001	0.7755102040816326	0.7763713080168777	0.7517337031900139	0.869718309859155	0.8728813559322034	0.9736842105263158	0.7745839636913767	0.7755102040816326	0.82938026013772	0.8	0.8417721518987342	0.7758887171561051	0.770663562281723	0.7539015606242497	0.8443759630200308	0.8295254833040422	0.8195121951219513	0.8854166666666666	0.8082901554404145	0.7909090909090909	0.7829002514668901	0.8861646234676007	0.7919463087248322	0.8297520661157025	0.8353808353808354	0.0
emballage	0.9787234042553191	0.9611307420494699	0.9543568464730291	0.9696969696969697	0.9615384615384616	0.92	0.9523809523809523	0.9680589680589681	0.937799043062201	0.9672131147540983	0.9659318637274549	0.9636363636363636	0.9583333333333334	0.96	0.9839816933638444	0.9635036496350365	0.9649595687331536	0.9714285714285714	0.9230769230769231	0.9557522123893806	0.9857512953367875	0.9584905660377359	0.9748201438848921	0.9241379310344827	0.975	0.9473684210526316	0.8235294117647058	0.9771528998242531	0.9534883720930233	0.957983193277311	0.9583333333333334	0.9349112426035503	0.9130434782608696	0.9459459459459459	0.9666666666666667	0.9714285714285714	0.9775784753363229	0.8214285714285714	0.9285714285714286	0.9505703422053232	0.9295774647887324	0.9519650655021834	0.9655172413793104	0.9655172413793104	0.9342105263157895	0.9921011058451816	0.9180327868852459	0.9655172413793104	0.9761092150170648	0.9855072463768116	0.9611940298507463	0.9411764705882353	0.96	0.9732620320855615	0.9723756906077348	0.9534883720930233	0.9186046511627907	0.9531914893617022	0.912751677852349	0.9393939393939394	0.9573770491803278	0.9832635983263598	0.9315068493150684	0.9761092150170648	0.9345794392523364	0.9878484631879915	0.9694656488549618	0.0
gamme	0.844566712517194	0.8194444444444444	0.8329177057356608	0.8091603053435115	0.8284023668639053	0.8369230769230769	0.7647058823529411	0.8045112781954887	0.7867036011080333	0.790224032586558	0.8633540372670807	0.84472049689441	0.7743467933491687	0.8187919463087249	0.891566265060241	0.8263254113345521	0.8636363636363636	0.8131868131868132	0.7723342939481268	0.8484848484848485	0.9206541490006057	0.8115942028985508	0.8355555555555556	0.8862275449101796	0.8316831683168316	0.7642276422764227	0.9425287356321839	0.8567335243553009	0.8268839103869654	0.8024439918533605	0.802784222737819	0.8036253776435045	0.8193548387096774	0.8095238095238095	0.8048780487804879	0.8275862068965517	0.8636363636363636	0.9277566539923955	0.7863247863247863	0.7941176470588236	0.7768595041322314	0.7506849315068493	0.8435114503816794	0.8415300546448088	0.822429906542056	0.9355322338830585	0.9708029197080292	0.8283261802575107	0.8603351955307262	0.8972125435540069	0.8674698795180723	0.83	0.8161434977578476	0.8437956204379562	0.8567208271787297	0.8088235294117647	0.8313953488372093	0.796875	0.8475609756097561	0.8166666666666667	0.8391304347826087	0.8886810102899907	0.8862275449101796	0.8821917808219178	0.7350427350427351	0.919205298013245	0.8242612752721618	0.9425287356321839	0.0
teint	0.8133704735376044	0.9117291414752116	0.900562851782364	0.8357664233576643	0.842040565457898	0.931454196028187	0.8777506112469438	0.8404575556893438	0.9179711959924859	0.8705035971223022	0.8209912536443149	0.8683404776484998	0.8994515539305301	0.8798521256931608	0.7010309278350515	0.8554502369668247	0.8729874776386404	0.8339350180505415	0.9207547169811321	0.8727272727272728	0.7352820090572252	0.8890274314214464	0.7766647024160283	0.9507575757575758	0.8043087971274686	0.8857689853222719	0.9864077669902913	0.800689259046525	0.8690909090909091	0.8611279563371741	0.8705440900562852	0.9315589353612167	0.935048231511254	0.8987341772151899	0.8828078524687686	0.8698752228163993	0.8288770053475936	0.9851517107811492	0.9207547169811321	0.8799497171590195	0.9135338345864662	0.9025769956002514	0.8612612612612612	0.8277541083384053	0.9335038363171355	0.7195806813927368	0.9903660886319846	0.8798047589993898	0.7826589595375723	0.664576802507837	0.8878224355128974	0.9254278728606357	0.8729076255424675	0.7767332549941246	0.8178694158075601	0.9084204056545789	0.9345088161209067	0.9244935543278084	0.9443037974683545	0.9261576971214017	0.8992154496077248	0.7363590005099439	0.9447619047619048	0.7861671469740634	0.9066834804539723	0.6415620641562064	0.8241379310344827	0.9903288201160542	0.9213075060532687	0.0
application	0.7147401908801696	0.830238726790451	0.8101983002832861	0.7263427109974425	0.6910569105691057	0.8822652757078987	0.7776298268974701	0.7272727272727273	0.839541547277937	0.7599486521181001	0.7497168742921858	0.7136929460580913	0.8080536912751678	0.7671232876712328	0.7007042253521127	0.7388059701492538	0.7649301143583227	0.725	0.8484848484848485	0.7588932806324111	0.818431157432803	0.8180574555403557	0.6870748299319728	0.9122807017543859	0.7003610108303249	0.8017366136034733	0.9714285714285714	0.722707423580786	0.7476882430647291	0.754863813229572	0.7615062761506276	0.8605341246290801	0.8680981595092024	0.8223495702005731	0.7984981226533167	0.7622641509433963	0.7504911591355599	0.9749216300940439	0.8333333333333334	0.7762039660056657	0.849083215796897	0.8051948051948052	0.7493606138107417	0.7478260869565218	0.887240356083086	0.8062977099236641	0.9797191887675507	0.7372764786795047	0.7142857142857143	0.7223088923556942	0.7553191489361702	0.8679245283018868	0.7359550561797753	0.6480836236933798	0.7209821428571428	0.803347280334728	0.8634361233480177	0.8512396694214877	0.9019033674963397	0.846820809248555	0.7806191117092867	0.7510008006405124	0.8961424332344213	0.7321237993596585	0.817391304347826	0.7506234413965087	0.7438752783964365	0.9779179810725552	0.8661417322834646	0.7761363636363636	0.0
couvre	0.8266666666666667	0.768	0.679245283018868	0.755939524838013	0.7213114754098361	0.7912087912087912	0.8086124401913876	0.8048780487804879	0.7774294670846396	0.7619047619047619	0.8445945945945946	0.7710843373493976	0.8	0.7165775401069518	0.8583783783783784	0.7701863354037267	0.7921225382932167	0.7679671457905544	0.7524752475247525	0.7630331753554502	0.924317617866005	0.7386363636363636	0.8	0.8469750889679715	0.7593984962406015	0.6753246753246753	0.9345794392523364	0.7980769230769231	0.7605633802816901	0.7294117647058824	0.6927374301675977	0.7252747252747253	0.7578125	0.6819672131147541	0.7973273942093542	0.7870967741935484	0.8199445983379501	0.9315068493150684	0.7845659163987138	0.6941176470588235	0.7777777777777778	0.725	0.7053364269141531	0.7189542483660131	0.6852589641434264	0.926250644662197	0.96	0.7455919395465995	0.7572815533980582	0.8753462603878116	0.7972027972027972	0.7861271676300579	0.6885245901639344	0.8171701112877583	0.8402555910543131	0.7933884297520661	0.8	0.7751479289940828	0.833922261484099	0.7142857142857143	0.7633587786259541	0.8656716417910448	0.8591549295774648	0.8055987558320373	0.7701863354037267	0.8961672473867596	0.797962648556876	0.9395348837209302	0.7967479674796748	0.8976478067387158	0.8156748911465892	0.0
journée	0.7405660377358491	0.7941176470588236	0.7703180212014135	0.7340267459138188	0.7236024844720497	0.8798521256931608	0.7772511848341233	0.7762039660056657	0.8397212543554007	0.7564296520423601	0.7984981226533167	0.7464114832535885	0.7941653160453809	0.74	0.7666666666666666	0.7205882352941176	0.8017366136034733	0.7192982456140351	0.8300536672629696	0.7627906976744185	0.8676056338028169	0.8254486133768353	0.7634146341463415	0.903107861060329	0.7436241610738255	0.7741935483870968	0.9693251533742331	0.7886658795749705	0.7592592592592593	0.7407407407407407	0.7432432432432432	0.8181818181818181	0.8598848368522073	0.7739602169981916	0.7802690582959642	0.7861271676300579	0.759075907590759	0.9717741935483871	0.8152173913043479	0.743455497382199	0.8393782383419689	0.7893805309734513	0.6989079563182528	0.7514450867052023	0.8715083798882681	0.8706896551724138	0.9759036144578314	0.7753164556962026	0.7436823104693141	0.8124006359300477	0.8018154311649017	0.847682119205298	0.6690140845070423	0.7591240875912408	0.7971188475390156	0.7836456558773424	0.8566243194192378	0.8164665523156089	0.8880733944954129	0.8194945848375451	0.7827476038338659	0.8248962655601659	0.8868274582560297	0.7644970414201183	0.8	0.830923947203017	0.7684605757196495	0.9714285714285714	0.842443729903537	0.8421658986175116	0.7198124267291911	0.7578558225508318	0.0
parfum	0.8223495702005731	0.7851851851851852	0.7106017191977078	0.7732793522267206	0.7505422993492408	0.819672131147541	0.8027210884353742	0.7810650887573964	0.782608695652174	0.74235807860262	0.813953488372093	0.7412587412587412	0.7883211678832117	0.6821705426356589	0.8459086078639745	0.7692307692307692	0.7824267782426778	0.7524752475247525	0.7636363636363637	0.736842105263158	0.9057071960297767	0.7591623036649214	0.8055987558320373	0.8690095846645367	0.7700534759358288	0.7449856733524356	0.9338842975206612	0.8235294117647058	0.726027397260274	0.7444933920704846	0.7295918367346939	0.8037974683544304	0.8082191780821918	0.7331378299120235	0.8100208768267223	0.7852760736196319	0.8409986859395532	0.9523809523809523	0.7893175074183976	0.7189189189189189	0.8264462809917356	0.7556818181818181	0.7568710359408034	0.7489878542510122	0.7959866220735786	0.9073978272115882	0.96875	0.7153284671532847	0.8160237388724035	0.8592321755027422	0.7477064220183487	0.8157894736842105	0.7313432835820896	0.7925117004680187	0.8205928237129485	0.7875647668393783	0.7962382445141065	0.7901907356948229	0.8679245283018868	0.7636363636363637	0.7227722772277227	0.8739172281039461	0.897196261682243	0.8107302533532041	0.8	0.8914835164835164	0.7841845140032949	0.9382716049382716	0.8179551122194514	0.9029850746268657	0.7931526390870185	0.7283582089552239	0.7727272727272727	0.0
peau	0.8998191681735985	0.9654800431499461	0.9648423341790504	0.93964582580412	0.9429657794676806	0.9796733212341198	0.9480377906976745	0.9439655172413793	0.9734417344173442	0.95	0.9347593582887701	0.9513826134104464	0.9572773352643013	0.9560499186109603	0.8551848512173129	0.936393205637875	0.9532509403546481	0.929700272479564	0.9709618874773139	0.9563812600969306	0.8016373870032407	0.962748643761302	0.9152725310307609	0.9822399420079739	0.9308424645230824	0.9649536952968949	0.99581589958159	0.924336834609222	0.9549290716466152	0.9486208761492698	0.9546279491833031	0.9765922700054437	0.9801854208325759	0.9686650969027351	0.941944847605225	0.9512893982808023	0.9133356915458083	0.99399235390497	0.9696529165909504	0.9599274705349048	0.9701249321021184	0.9657049537289059	0.9476524554776039	0.9428263214670982	0.9789320741009807	0.7255444175596266	0.9952727272727273	0.9554392928017319	0.9194008559201141	0.8379150303463049	0.9585798816568047	0.9717371737173718	0.95225993828281	0.9108625045110068	0.9307036247334755	0.9658906334596643	0.977729494839761	0.971335857220119	0.9805983680870354	0.9731981166244115	0.9630294328786791	0.8808073777623108	0.9824243522377242	0.920940170940171	0.9686310063463281	0.8189625558227414	0.9243456435998566	0.9963636363636363	0.9681597409606044	0.8137768022961337	0.9059645351961311	0.9665697674418605	0.9325219258994093	0.9648805213613324	0.0
colle	0.8755760368663594	0.8313953488372093	0.7713310580204779	0.832579185520362	0.8260869565217391	0.7383177570093458	0.776536312849162	0.8693790149892934	0.8043478260869565	0.8428571428571429	0.8896797153024911	0.8	0.7784431137724551	0.7387387387387387	0.8896321070234113	0.8211920529801324	0.8741418764302059	0.7973273942093542	0.7862595419847328	0.8244274809160306	0.9357914812460267	0.8363636363636364	0.8681135225375626	0.8266666666666667	0.8258317025440314	0.7571428571428571	0.9090909090909091	0.8743882544861338	0.8151898734177215	0.8235294117647058	0.7636363636363637	0.7639484978540773	0.7475728155339806	0.7608695652173914	0.8489208633093526	0.8648648648648649	0.8938547486033519	0.9125	0.7578125	0.8148148148148149	0.7913669064748201	0.7571428571428571	0.8282352941176471	0.831858407079646	0.789237668161435	0.9430214323052797	0.9642857142857143	0.773109243697479	0.8867924528301887	0.9034090909090909	0.8337595907928389	0.8349514563106796	0.8068181818181819	0.8618968386023295	0.8844221105527639	0.722972972972973	0.7435897435897436	0.7876712328767124	0.8209606986899564	0.7722007722007722	0.8067226890756303	0.9101917255297679	0.8421052631578947	0.8744038155802862	0.7601476014760148	0.9297752808988764	0.8730434782608696	0.9230769230769231	0.8148148148148149	0.9330783938814532	0.8422664624808576	0.7601476014760148	0.8365019011406845	0.7593220338983051	0.9765411893071467	0.0
unifie	0.8016643550624133	0.7863636363636364	0.7384615384615385	0.7117296222664016	0.6794871794871795	0.8106508875739645	0.8247422680412371	0.7640449438202247	0.8184143222506394	0.7464503042596349	0.8	0.7180616740088106	0.8105726872246696	0.6919431279620853	0.8322981366459627	0.7314285714285714	0.744466800804829	0.7555555555555555	0.7935656836461126	0.7086956521739131	0.9027946537059538	0.7506053268765134	0.7764350453172205	0.8717948717948718	0.7067137809187279	0.7165775401069518	0.9436619718309859	0.7639097744360902	0.728813559322034	0.7276507276507276	0.711217183770883	0.7965616045845272	0.803680981595092	0.7189189189189189	0.8298279158699808	0.7455621301775148	0.796875	0.952054794520548	0.828125	0.6836734693877551	0.83	0.75	0.6956521739130435	0.6585365853658536	0.7781155015197568	0.901580826109128	0.9696969696969697	0.7361419068736141	0.7096774193548387	0.8430493273542601	0.7568710359408034	0.831353919239905	0.7192575406032482	0.7710843373493976	0.8018018018018018	0.7971698113207547	0.8199445983379501	0.8029556650246306	0.8770949720670391	0.75	0.7289293849658314	0.8435114503816794	0.8587896253602305	0.757396449704142	0.8	0.8641975308641976	0.7962962962962963	0.9655172413793104	0.8378378378378378	0.8598484848484849	0.7717842323651453	0.6473988439306358	0.7346938775510203	0.7263427109974425	0.9565217391304348	0.7964601769911505	0.0
éclat	0.8906009244992296	0.8495575221238938	0.8041237113402062	0.822429906542056	0.8382352941176471	0.729064039408867	0.8033707865168539	0.868421052631579	0.7954545454545454	0.8410757946210269	0.8972972972972972	0.8412698412698413	0.8	0.8342857142857143	0.9162995594713657	0.8502202643171806	0.8679245283018868	0.8421052631578947	0.7808764940239044	0.8520408163265306	0.9514195583596214	0.8038585209003215	0.893687707641196	0.8056872037914692	0.8515625	0.7320754716981133	0.9014084507042254	0.8662207357859532	0.8455696202531646	0.83	0.7926829268292683	0.7733333333333333	0.7638190954773869	0.7640449438202247	0.8415841584158416	0.8584686774941995	0.8951841359773371	0.8979591836734694	0.7857142857142857	0.7843137254901961	0.7490347490347491	0.7870036101083032	0.851063829787234	0.8299319727891157	0.7772511848341233	0.9525794684731631	0.9411764705882353	0.8328767123287671	0.8737864077669903	0.9229323308270677	0.8844221105527639	0.8438538205980066	0.813953488372093	0.8762541806020067	0.8839590443686007	0.8	0.7577092511013216	0.8367346938775511	0.7655502392344498	0.7710843373493976	0.8626373626373627	0.9146341463414634	0.782608695652174	0.8792270531400966	0.7586206896551724	0.9352112676056338	0.8642857142857143	0.9241379310344827	0.8076923076923077	0.9352978859705317	0.8795180722891567	0.7680608365019012	0.8700564971751412	0.8506493506493507	0.9802070092609406	0.7663551401869159	0.7777777777777778	0.0
présentation	0.8248275862068966	0.8295964125560538	0.7234042553191489	0.7650485436893204	0.6622516556291391	0.8695652173913043	0.8727272727272728	0.6611570247933884	0.8219895287958116	0.8023715415019763	0.6472727272727272	0.6524822695035462	0.8344370860927153	0.7441860465116279	0.8127659574468085	0.7911275415896488	0.6695652173913044	0.8	0.832	0.6742596810933941	0.8681388012618296	0.822429906542056	0.7393364928909952	0.8997134670487106	0.75	0.8	0.9253731343283582	0.7727272727272727	0.6388888888888888	0.7951807228915663	0.8054298642533937	0.8208092485549133	0.8545454545454545	0.8	0.8614800759013282	0.6918238993710693	0.8382165605095542	0.9537366548042705	0.8797953964194374	0.7175572519083969	0.8656716417910448	0.78125	0.7125	0.791044776119403	0.8461538461538461	0.8970133882595263	0.975609756097561	0.7736263736263737	0.7586206896551724	0.8350045578851413	0.6019417475728155	0.8059701492537313	0.7837837837837838	0.7338582677165355	0.6812080536912752	0.8681818181818182	0.8370786516853932	0.8267326732673268	0.8888888888888888	0.8032786885245902	0.6518518518518519	0.8235294117647058	0.9213483146067416	0.7454545454545455	0.8542713567839196	0.8747433264887063	0.8129829984544049	0.9565217391304348	0.8623024830699775	0.8857142857142857	0.7539118065433855	0.7675675675675675	0.8116883116883117	0.7602040816326531	0.962080173347779	0.8214285714285714	0.7338129496402878	0.8705882352941177	0.0
rougeurs	0.8288543140028288	0.7642679900744417	0.7675675675675675	0.7784431137724551	0.7669491525423728	0.8454258675078864	0.7891156462585034	0.8023032629558542	0.8033707865168539	0.7510729613733905	0.8498402555910542	0.7920353982300885	0.7971360381861575	0.7655502392344498	0.8577405857740585	0.7790697674418605	0.8333333333333334	0.8022598870056497	0.7604790419161677	0.8051391862955032	0.9240121580547113	0.7878787878787878	0.8183206106870229	0.8535031847133758	0.8102564102564103	0.7241379310344828	0.944	0.8407079646017699	0.8050847457627118	0.7692307692307692	0.7336683417085428	0.7326732673267327	0.7918088737201365	0.7304347826086957	0.7822410147991543	0.8118811881188119	0.7934782608695652	0.937007874015748	0.8034682080924855	0.7628865979381443	0.8	0.7277936962750716	0.7777777777777778	0.7953667953667953	0.7291666666666667	0.9324596774193549	0.9494163424124513	0.7972972972972973	0.783661119515885	0.8941798941798942	0.8475991649269311	0.7904509283819628	0.7352941176470589	0.835820895522388	0.8384146341463414	0.815	0.8217522658610272	0.7569060773480663	0.8116883116883117	0.7454545454545455	0.8243243243243243	0.8714011516314779	0.8079470198675497	0.8296943231441047	0.7514450867052023	0.9009497964721845	0.8133971291866029	0.9482071713147411	0.7939698492462312	0.901985111662531	0.831275720164609	0.7104477611940299	0.7938671209540034	0.7874015748031495	0.9637943519188994	0.8	0.7524752475247525	0.7919463087248322	0.8368794326241135	0.0
hydrate	0.7430830039525691	0.875	0.8574108818011257	0.808326105810928	0.7658402203856749	0.9185043144774688	0.8324324324324324	0.7947826086956522	0.8938547486033519	0.8323197219808862	0.7619047619047619	0.814143245693563	0.8676207513416816	0.8242870285188593	0.5672333848531685	0.8041237113402062	0.8209606986899564	0.7617360496014172	0.898876404494382	0.8245770258236865	0.7002053388090349	0.8739800543970988	0.7347611202635914	0.9395085066162571	0.793046357615894	0.8728971962616823	0.9851632047477745	0.8083140877598153	0.8234250221827861	0.8344947735191638	0.8266913809082483	0.9147727272727273	0.9217391304347826	0.8711194731890874	0.8324607329842932	0.8207792207792208	0.8155061019382628	0.9782178217821782	0.888468809073724	0.8359887535145267	0.8913649025069638	0.8622641509433963	0.8010610079575597	0.8184143222506394	0.9236641221374046	0.6819221967963387	0.9852507374631269	0.8303249097472925	0.769835035349568	0.5772759350741001	0.8381962864721485	0.9192546583850931	0.8318098720292505	0.6910016977928692	0.7778668805132317	0.870201096892139	0.9070208728652751	0.9001814882032668	0.9348441926345609	0.8936970837253058	0.8576512455516014	0.7028112449799198	0.935483870967742	0.7916666666666666	0.8861940298507462	0.600470035252644	0.816967792615868	0.9831516352824579	0.899911426040744	0.6819364914107235	0.7180301826846704	0.8714555765595463	0.8019559902200489	0.8603351955307262	0.8332433890987587	0.9022265246853823	0.8438356164383561	0.9221902017291066	0.8291316526610644	0.8858695652173914	0.0
